2159 4808 0 0
2149 4798 8 1
2139 4788 16 1
2129 4788 25 1
2119 4788 33 1
2119 4788 42 1
2129 4798 50 1
2188 4828 58 1
2388 4878 75 1
2768 4898 83 1
3268 4858 92 1
3787 4778 100 1
4317 4678 108 1
4797 4588 116 1
5186 4518 125 1
5526 4468 133 1
5776 4438 142 1
5956 4438 150 1
6066 4458 158 1
6106 4488 166 1
6106 4618 175 1
5976 4888 183 1
5666 5328 192 1
5286 5757 208 1
4887 6167 216 1
4527 6527 225 1
4247 6797 233 1
4057 6987 242 1
3937 7107 251 1
3877 7177 260 1
3867 7217 267 1
3887 7237 275 1
4007 7277 283 1
4267 7327 292 1
4587 7377 300 1
4857 7447 308 1
5076 7537 316 1
5216 7647 325 1
5316 7767 342 1
5396 7947 350 1
5416 8186 358 1
5336 8456 366 1
5176 8696 375 1
4987 8896 383 1
4727 9106 392 1
4397 9286 400 1
4077 9376 408 1
3787 9386 416 1
3508 9316 425 1
3278 9166 433 1
3078 8946 442 1
2868 8566 450 1
2748 8156 458 1
2708 7807 466 1
2728 7507 475 1
2768 7277 492 1
2818 7117 500 1
2868 7017 508 1
2898 6967 517 1
2928 6947 525 1
2958 6957 533 1
3008 7047 541 1
3078 7387 549 1
3128 8046 558 1
3118 8886 566 1
3078 9796 575 1
3038 10765 583 1
3008 11665 592 1
2998 12515 600 1
2998 13254 608 1
3028 13894 625 1
3068 14404 633 1
3118 14794 642 1
3168 15074 650 1
3218 15274 658 1
3268 15404 666 1
3308 15484 675 1
3338 15524 683 1
3368 15544 692 1
3408 15544 700 1
3468 15514 708 1
6386 8826 1177 0
6386 8816 1191 1
6426 8786 1199 1
6605 8706 1208 1
7015 8536 1216 1
7505 8356 1225 1
8064 8186 1233 1
8534 8056 1242 1
8984 7937 1250 1
9393 7837 1258 1
9723 7747 1266 1
10023 7667 1275 1
10243 7607 1292 1
5086 11905 1414 0
5086 11895 1436 1
5096 11885 1458 1
5226 11855 1467 1
5626 11745 1476 1
6256 11535 1484 1
7035 11275 1492 1
7815 11015 1500 1
8574 10775 1509 1
9274 10565 1517 1
9873 10376 1525 1
10393 10226 1542 1
10783 10116 1550 1
11082 10046 1558 1
11312 9996 1566 1
11482 9966 1575 1
11582 9956 1583 1
11632 9946 1591 1
11652 9946 1608 1
8144 5268 1754 0
8134 5268 1792 1
8134 5278 1800 1
8134 5348 1808 1
8154 5577 1816 1
8194 6067 1825 1
8244 6707 1833 1
8304 7447 1842 1
8364 8216 1850 1
8414 8976 1858 1
8454 9666 1866 1
8484 10326 1875 1
8514 10935 1883 1
8534 11515 1892 1
8554 12055 1900 1
8564 12545 1908 1
8574 13005 1916 1
8574 13394 1925 1
8584 13734 1942 1
8594 14004 1950 1
8604 14214 1958 1
8604 14364 1966 1
8604 14474 1975 1
8604 14534 1983 1
8604 14574 1991 1
8604 14584 1999 1
8594 14584 2008 1
6446 13154 2128 0
6436 13154 2143 1
6426 13154 2158 1
6416 13174 2166 1
6396 13234 2175 1
6376 13394 2183 1
6356 13684 2192 1
6346 14054 2209 1
6346 14484 2217 1
6346 14874 2225 1
6376 15184 2233 1
6416 15424 2242 1
6466 15584 2250 1
6525 15693 2258 1
6575 15753 2266 1
6675 15803 2275 1
6815 15813 2283 1
7045 15763 2292 1
7375 15644 2300 1
7775 15454 2308 1
8244 15204 2316 1
8754 14934 2325 1
9284 14684 2342 1
9823 14454 2350 1
10323 14254 2358 1
10763 14094 2366 1
11132 13974 2375 1
11412 13894 2383 1
11602 13844 2392 1
11722 13814 2400 1
11792 13794 2408 1
11822 13784 2416 1
11832 13774 2425 1
10743 12035 2542 0
10743 12035 2553 1
10743 12035 2564 1
10743 12055 2575 1
10743 12165 2583 1
10753 12415 2592 1
10783 12845 2608 1
10822 13434 2616 1
10872 14064 2625 1
10932 14714 2633 1
10992 15314 2642 1
11052 15813 2650 1
11092 16203 2658 1
11122 16463 2666 1
11142 16643 2675 1
11152 16743 2683 1
11152 16783 2692 1
11142 16793 2700 1
11132 16783 2708 1
