1899 9526 0 0
1899 9526 15 1
1899 9516 30 1
1919 9496 45 1
2039 9416 52 1
2288 9246 59 1
2668 9026 66 1
3038 8816 74 1
3408 8626 82 1
3787 8436 91 1
4127 8286 100 1
4447 8156 109 1
4747 8066 119 1
4987 8016 129 1
5166 7997 140 1
5296 7997 148 1
5386 8026 157 1
5446 8066 165 1
5496 8166 174 1
5506 8366 182 1
5406 8726 190 1
5196 9146 198 1
4917 9586 207 1
4607 10026 217 1
4297 10436 227 1
4017 10815 233 1
3787 11135 240 1
3607 11395 248 1
3488 11595 257 1
3408 11735 274 1
3368 11835 282 1
3358 11895 290 1
3368 11935 298 1
3428 11965 307 1
3647 11965 315 1
4037 11885 323 1
4497 11735 331 1
5007 11545 340 1
5496 11355 348 1
5916 11195 357 1
6256 11065 368 1
6555 10965 380 1
6775 10905 389 1
6935 10885 398 1
7035 10885 407 1
7095 10895 415 1
7115 10905 424 1
7125 10935 432 1
7115 10995 441 1
7045 11105 449 1
6915 11265 457 1
6715 11465 465 1
6426 11715 474 1
6076 11985 482 1
5726 12225 491 1
5366 12435 499 1
5046 12585 507 1
4777 12695 515 1
4547 12765 524 1
4357 12805 532 1
4197 12825 540 1
4047 12815 548 1
3927 12785 557 1
3837 12745 574 1
3757 12695 582 1
3697 12635 590 1
3627 12525 598 1
3568 12385 607 1
3518 12215 615 1
3488 11985 624 1
3488 11695 632 1
3498 11385 640 1
3508 11125 648 1
3508 10915 657 1
3508 10765 665 1
3508 10665 674 1
3508 10595 690 1
3508 10565 698 1
3508 10546 707 1
3508 10536 715 1
3508 10536 724 1
3508 10556 741 1
3508 10625 749 1
3518 10745 757 1
3538 10955 765 1
3568 11205 774 1
3607 11485 782 1
3647 11835 790 1
3687 12175 807 1
3747 12545 815 1
3807 12915 824 1
3877 13294 832 1
3947 13664 840 1
4027 14034 851 1
4107 14384 863 1
4187 14744 874 1
4257 15084 885 1
4317 15384 897 1
4367 15683 904 1
4407 15963 911 1
4437 16203 918 1
4457 16423 925 1
4467 16623 932 1
4477 16803 940 1
4487 16953 948 1
4497 17073 957 1
4497 17173 965 1
4507 17253 974 1
7615 9826 1236 0
7615 9816 1257 1
7625 9816 1278 1
7665 9806 1284 1
7755 9796 1290 1
7915 9766 1307 1
8134 9716 1315 1
8384 9666 1324 1
8634 9626 1334 1
8874 9586 1344 1
9094 9556 1350 1
9284 9536 1357 1
9443 9536 1365 1
9573 9556 1374 1
9643 9596 1382 1
9683 9706 1391 1
6585 13934 1540 0
6585 13924 1545 1
6595 13914 1551 1
6655 13864 1557 1
6855 13714 1573 1
7225 13434 1583 1
7645 13124 1593 1
8094 12805 1600 1
8514 12515 1607 1
8934 12255 1615 1
9324 12015 1624 1
9683 11815 1632 1
10023 11625 1641 1
10323 11475 1652 1
10563 11355 1663 1
10753 11255 1674 1
10892 11185 1685 1
10982 11135 1696 1
11042 11105 1707 1
8634 8246 1873 0
8634 8246 1890 1
8634 8246 1899 1
8634 8276 1907 1
8644 8386 1915 1
8664 8616 1924 1
8694 8976 1932 1
8734 9406 1940 1
8764 9876 1957 1
8804 10326 1965 1
8844 10805 1974 1
8884 11275 1982 1
8914 11755 1990 1
8944 12235 1999 1
8964 12725 2008 1
8994 13204 2018 1
9014 13664 2028 1
9034 14084 2034 1
9054 14454 2040 1
9064 14784 2048 1
9074 15084 2057 1
9074 15344 2065 1
9074 15564 2074 1
9064 15753 2082 1
9054 15903 2090 1
9044 16023 2107 1
9034 16103 2115 1
9014 16163 2124 1
9004 16193 2132 1
8994 16203 2140 1
7235 14744 2274 0
7235 14744 2307 1
7235 14754 2312 1
7235 14794 2318 1
7225 14904 2324 1
7205 15084 2332 1
7175 15344 2340 1
7135 15664 2357 1
7075 15993 2365 1
6995 16333 2374 1
6905 16633 2382 1
6815 16903 2391 1
6725 17153 2399 1
6645 17353 2407 1
6585 17513 2415 1
6545 17653 2424 1
6515 17743 2433 1
6505 17803 2442 1
6515 17843 2449 1
6535 17863 2457 1
6585 17883 2465 1
6705 17873 2474 1
6955 17803 2490 1
7315 17653 2498 1
7705 17473 2507 1
8104 17263 2515 1
8504 17053 2524 1
8924 16843 2532 1
9344 16633 2541 1
9743 16433 2549 1
10143 16243 2557 1
10503 16073 2565 1
10842 15923 2574 1
11152 15783 2582 1
11412 15683 2591 1
11612 15604 2599 1
11752 15554 2607 1
11862 15514 2624 1
11922 15484 2632 1
11962 15464 2640 1
11982 15454 2649 1
11992 15444 2659 1
11992 15434 2672 1
11922 14374 2787 0
11912 14374 2807 1
11912 14374 2816 1
11912 14394 2825 1
11912 14454 2832 1
11912 14574 2840 1
11912 14774 2848 1
11912 15014 2857 1
11912 15264 2874 1
11922 15544 2882 1
11942 15823 2890 1
11952 16073 2898 1
11962 16323 2907 1
11972 16573 2915 1
11992 16803 2924 1
12002 17003 2932 1
12012 17173 2941 1
12032 17313 2949 1
12042 17433 2957 1
12052 17523 2965 1
12062 17603 2974 1
12082 17693 2982 1
12092 17763 2991 1
