1749 5467 0 0
1749 5457 15 1
1749 5447 30 1
1749 5428 38 1
1759 5408 46 1
1779 5378 55 1
1819 5328 64 1
1899 5248 72 1
2039 5148 81 1
2228 5028 92 1
2478 4908 103 1
2778 4788 112 1
3078 4688 121 1
3388 4618 130 1
3717 4568 138 1
4017 4558 146 1
4267 4578 154 1
4487 4638 163 1
4677 4728 171 1
4827 4838 180 1
4937 4958 188 1
5037 5158 197 1
5076 5438 205 1
5017 5747 214 1
4867 6087 222 1
4647 6447 230 1
4357 6807 246 1
4067 7117 254 1
3777 7417 263 1
3538 7657 271 1
3328 7847 279 1
3138 7997 287 1
2998 8096 296 1
2898 8156 304 1
2838 8196 313 1
2808 8206 321 1
2788 8206 330 1
2778 8206 338 1
2778 8196 347 1
2848 8146 355 1
3028 8036 363 1
3288 7887 371 1
3607 7727 380 1
3917 7587 396 1
4217 7487 404 1
4527 7447 412 1
4827 7467 420 1
5096 7537 429 1
5346 7657 437 1
5566 7817 446 1
5766 8026 455 1
5936 8316 464 1
6056 8616 471 1
6096 8926 479 1
6076 9236 490 1
5986 9526 501 1
5856 9796 512 1
5666 10066 520 1
5426 10336 528 1
5146 10595 536 1
4817 10845 545 1
4477 11065 553 1
4167 11235 562 1
3897 11345 570 1
3667 11415 579 1
3478 11445 587 1
3308 11445 596 1
3168 11425 605 1
3048 11375 614 1
2938 11315 624 1
2848 11235 634 1
2758 11125 645 1
2648 10965 653 1
2548 10755 662 1
2468 10536 670 1
2398 10316 679 1
2338 10116 687 1
2288 9946 695 1
2258 9796 703 1
2238 9676 712 1
2228 9586 720 1
2218 9516 729 1
2688 7097 1037 0
2678 7097 1054 1
2668 7107 1062 1
2658 7157 1070 1
2648 7337 1079 1
2628 7637 1088 1
2598 8056 1098 1
2568 8486 1103 1
2528 8966 1108 1
2488 9436 1113 1
2448 9926 1129 1
2418 10406 1137 1
2378 10925 1146 1
2348 11455 1154 1
2318 11965 1162 1
2288 12445 1170 1
2268 12915 1179 1
2268 13334 1187 1
2268 13734 1195 1
2288 14124 1203 1
2318 14464 1212 1
2348 14794 1229 1
2378 15094 1234 1
2408 15344 1239 1
2438 15554 1245 1
2468 15763 1262 1
2498 15923 1270 1
2528 16053 1279 1
2548 16153 1287 1
2558 16213 1295 1
2568 16253 1303 1
2568 16283 1312 1
2568 16293 1320 1
2568 16293 1329 1
2568 16293 1337 1
2558 16283 1346 1
6815 7337 1761 0
6815 7337 1778 1
6815 7327 1795 1
6835 7317 1803 1
6925 7297 1812 1
7175 7257 1820 1
7545 7197 1829 1
7994 7127 1837 1
8454 7067 1845 1
8914 6997 1853 1
9354 6927 1862 1
9753 6867 1870 1
10123 6807 1879 1
10433 6747 1896 1
10683 6707 1904 1
10862 6667 1912 1
11012 6647 1920 1
11132 6637 1929 1
11212 6637 1937 1
11272 6637 1946 1
5726 11025 2103 0
5726 11015 2116 1
5746 11005 2129 1
5836 10985 2137 1
6086 10915 2146 1
6515 10795 2162 1
7035 10645 2170 1
7575 10496 2179 1
8174 10336 2187 1
8704 10186 2195 1
9264 10056 2204 1
9743 9936 2213 1
10213 9836 2221 1
10593 9756 2230 1
10912 9676 2238 1
11182 9616 2246 1
11392 9566 2254 1
11552 9526 2262 1
11682 9496 2270 1
11782 9476 2279 1
11852 9456 2295 1
11902 9446 2303 1
11932 9436 2312 1
11952 9436 2320 1
11962 9436 2329 1
8844 6237 2530 0
8844 6247 2540 1
8844 6307 2551 1
8844 6517 2562 1
8844 6947 2570 1
8834 7467 2579 1
8814 8106 2587 1
8774 8746 2596 1
8754 9376 2604 1
8754 10026 2612 1
8764 10595 2629 1
8794 11155 2637 1
8824 11595 2646 1
8844 11995 2654 1
8874 12325 2662 1
8894 12575 2670 1
8914 12775 2679 1
8924 12925 2687 1
8934 13045 2695 1
8934 13144 2703 1
8934 13214 2712 1
8934 13274 2720 1
8924 13314 2729 1
8914 13324 2737 1
8904 13324 2746 1
8894 13324 2754 1
8874 13314 2762 1
6306 12265 2878 0
6306 12265 2887 1
6296 12275 2896 1
6286 12315 2904 1
6256 12445 2912 1
6196 12715 2929 1
6126 13025 2937 1
6036 13364 2945 1
5946 13694 2956 1
5866 13984 2967 1
5786 14244 2979 1
5716 14474 2984 1
5666 14694 2990 1
5636 14894 2996 1
5636 15044 3007 1
5656 15164 3018 1
5696 15264 3029 1
5746 15334 3037 1
5846 15404 3045 1
6046 15464 3053 1
6356 15494 3062 1
6745 15484 3070 1
7195 15404 3079 1
7655 15274 3087 1
8134 15114 3096 1
8574 14954 3104 1
9034 14774 3113 1
9473 14614 3121 1
9953 14464 3129 1
10403 14344 3137 1
10832 14234 3146 1
11222 14154 3157 1
11552 14104 3168 1
11822 14074 3179 1
12022 14054 3187 1
12162 14044 3196 1
12261 14044 3204 1
12311 14044 3212 1
12341 14034 3220 1
12351 14024 3229 1
11682 11585 3370 0
11682 11585 3383 1
11682 11585 3396 1
11682 11615 3404 1
11692 11725 3413 1
11702 11975 3421 1
11702 12315 3429 1
11692 12725 3437 1
11672 13124 3445 1
11642 13534 3462 1
11602 13954 3470 1
11572 14344 3479 1
11542 14724 3487 1
11522 15044 3495 1
11522 15314 3503 1
11522 15554 3512 1
11532 15743 3520 1
11542 15903 3529 1
11552 16023 3539 1
11562 16103 3549 1
11572 16153 3555 1
11582 16173 3562 1
11582 16183 3579 1
11582 16183 3598 1
11582 16173 3608 1
11572 16153 3619 1
