2928 8366 0 0
2928 8366 15 1
2928 8366 30 1
2928 8356 47 1
2928 8346 55 1
2958 8326 63 1
3048 8296 71 1
3198 8256 80 1
3418 8196 90 1
3687 8126 100 1
3957 8046 110 1
4207 7967 118 1
4447 7877 127 1
4667 7797 135 1
4857 7727 143 1
5007 7667 151 1
5126 7617 160 1
5206 7587 168 1
5266 7567 177 1
5306 7547 193 1
5326 7537 201 1
5336 7537 210 1
5336 7537 227 1
5336 7547 235 1
5336 7567 243 1
5316 7617 251 1
5256 7707 260 1
5156 7837 268 1
5017 7987 277 1
4847 8166 285 1
4677 8346 293 1
4497 8536 301 1
4317 8716 310 1
4147 8886 327 1
3997 9036 335 1
3857 9176 343 1
3747 9306 351 1
3667 9416 360 1
3617 9506 368 1
3588 9576 377 1
3568 9626 385 1
3568 9666 393 1
3568 9696 401 1
3588 9726 410 1
3627 9756 418 1
3737 9796 427 1
3897 9836 435 1
4097 9866 443 1
4317 9896 461 1
4567 9936 469 1
4827 9976 477 1
5056 10016 485 1
5266 10076 494 1
5456 10146 502 1
5616 10226 510 1
5746 10306 518 1
5836 10386 527 1
5926 10496 535 1
5996 10635 543 1
6046 10815 551 1
6056 11035 560 1
6016 11255 568 1
5936 11505 577 1
5806 11775 585 1
5646 12045 594 1
5456 12305 611 1
5236 12565 619 1
4997 12815 627 1
4757 13045 635 1
4497 13254 643 1
4237 13424 651 1
4017 13544 660 1
3827 13624 668 1
3677 13664 677 1
3548 13674 686 1
3428 13664 695 1
3318 13624 703 1
3218 13564 711 1
3128 13474 719 1
3018 13304 727 1
2918 13085 738 1
2848 12805 749 1
2818 12495 760 1
2828 12195 768 1
2878 11895 777 1
2948 11605 785 1
3038 11345 793 1
3138 11115 801 1
3228 10935 810 1
3298 10805 818 1
3348 10705 827 1
3378 10645 835 1
3398 10615 844 1
3418 10595 855 1
3428 10585 866 1
3438 10575 877 1
3448 10575 885 1
3458 10585 893 1
3478 10625 901 1
3508 10705 910 1
3548 10845 918 1
3598 11075 927 1
3647 11365 935 1
3697 11715 944 1
3737 12105 952 1
3777 12505 960 1
3817 12945 968 1
3847 13374 977 1
3867 13804 985 1
3867 14194 994 1
3867 14554 1010 1
3867 14884 1018 1
3857 15164 1027 1
3847 15404 1035 1
3827 15604 1043 1
3817 15753 1051 1
3807 15893 1059 1
3807 16003 1067 1
3807 16083 1076 1
3807 16143 1084 1
3807 16183 1093 1
3807 16203 1104 1
3807 16213 1115 1
3807 16213 1127 1
3807 16213 1147 1
6545 10186 1483 0
6535 10176 1510 1
6535 10166 1518 1
6535 10156 1527 1
6545 10146 1535 1
6605 10116 1543 1
6735 10066 1551 1
6955 9996 1560 1
7265 9916 1568 1
7595 9826 1577 1
7924 9726 1585 1
8264 9626 1593 1
8554 9536 1601 1
8784 9466 1610 1
8964 9416 1618 1
9094 9386 1627 1
9184 9376 1643 1
9244 9376 1651 1
9274 9396 1660 1
5486 12955 1778 0
5486 12955 1794 1
5486 12955 1811 1
5486 12945 1819 1
5486 12935 1827 1
5536 12905 1836 1
5676 12845 1846 1
5926 12725 1855 1
6316 12525 1864 1
6735 12295 1874 1
7205 12035 1884 1
7645 11765 1894 1
8084 11495 1905 1
8484 11255 1916 1
8794 11055 1923 1
9054 10885 1931 1
9274 10745 1939 1
9433 10635 1947 1
9563 10565 1955 1
9653 10516 1964 1
9713 10486 1972 1
9753 10466 1982 1
9763 10456 1994 1
7355 8766 2142 0
7355 8766 2167 1
7355 8776 2193 1
7365 8806 2201 1
7395 8886 2210 1
7465 9046 2218 1
7565 9296 2227 1
7665 9596 2235 1
7765 9946 2243 1
7835 10306 2251 1
7905 10705 2260 1
7944 11125 2268 1
7964 11525 2277 1
7974 11935 2293 1
7974 12295 2301 1
7974 12625 2310 1
7974 12925 2318 1
7974 13204 2327 1
7964 13424 2336 1
7964 13604 2346 1
7964 13744 2353 1
7964 13864 2360 1
7964 13954 2368 1
7964 14024 2377 1
7964 14074 2385 1
7964 14124 2393 1
7964 14164 2401 1
7944 14204 2410 1
6246 13274 2524 0
6236 13274 2544 1
6226 13274 2560 1
6216 13274 2568 1
6206 13274 2577 1
6196 13294 2585 1
6186 13354 2593 1
6176 13474 2601 1
6156 13674 2610 1
6146 13924 2618 1
6146 14204 2627 1
6146 14484 2635 1
6156 14754 2643 1
6166 15004 2651 1
6186 15214 2660 1
6216 15384 2668 1
6256 15524 2677 1
6296 15644 2693 1
6346 15733 2701 1
6406 15793 2710 1
6535 15863 2718 1
6725 15903 2727 1
6975 15893 2735 1
7275 15823 2743 1
7615 15683 2751 1
7974 15484 2760 1
8354 15224 2768 1
8694 14954 2777 1
9024 14674 2785 1
9324 14404 2793 1
9583 14164 2801 1
9783 13964 2810 1
9943 13804 2827 1
10083 13674 2835 1
10193 13574 2843 1
10273 13494 2851 1
10333 13434 2860 1
10383 13394 2868 1
10413 13364 2877 1
10433 13344 2885 1
10443 13334 2893 1
10453 13324 2901 1
10453 13314 2910 1
9733 11915 3021 0
9723 11915 3077 1
9713 11915 3085 1
9713 11925 3093 1
9713 11965 3101 1
9713 12055 3110 1
9713 12195 3118 1
9723 12395 3127 1
9743 12635 3135 1
9753 12915 3143 1
9773 13184 3151 1
9793 13464 3160 1
9803 13744 3168 1
9823 14014 3177 1
9843 14264 3185 1
9863 14514 3194 1
9893 14744 3203 1
9913 14964 3210 1
9933 15154 3227 1
9953 15324 3235 1
9973 15484 3243 1
9993 15614 3251 1
10003 15743 3260 1
10023 15853 3268 1
10043 15953 3277 1
10053 16043 3285 1
10063 16123 3294 1
10073 16183 3302 1
10083 16243 3310 1
10093 16313 3318 1
10103 16423 3327 1
