2039 6657 0 0
2039 6647 44 1
2049 6637 54 1
2109 6597 64 1
2268 6517 72 1
2558 6397 81 1
2928 6247 89 1
3368 6087 98 1
3817 5927 104 1
4227 5797 111 1
4617 5697 122 1
4947 5637 133 1
5196 5607 145 1
5386 5597 153 1
5506 5607 161 1
5576 5637 169 1
5606 5667 178 1
5626 5747 186 1
5596 5887 195 1
5496 6087 203 1
5336 6337 212 1
5146 6587 220 1
4977 6787 228 1
4847 6947 236 1
4747 7077 244 1
4697 7177 253 1
4677 7267 262 1
4697 7367 270 1
4757 7477 278 1
4867 7607 294 1
4997 7737 302 1
5146 7877 311 1
5286 8006 319 1
5416 8126 328 1
5516 8246 336 1
5606 8376 344 1
5656 8546 352 1
5656 8736 361 1
5596 8956 369 1
5476 9196 378 1
5306 9416 386 1
5096 9596 394 1
4847 9756 402 1
4557 9866 411 1
4257 9876 430 1
3987 9796 439 1
3757 9646 448 1
3558 9446 457 1
3338 9136 467 1
3168 8826 476 1
3068 8566 486 1
3008 8376 492 1
2988 8246 498 1
2978 8156 504 1
2978 8106 511 1
2978 8086 519 1
2978 8076 528 1
2988 8076 536 1
3008 8106 544 1
3068 8286 561 1
3148 8756 569 1
3188 9356 578 1
3198 10046 586 1
3208 10785 595 1
3208 11515 603 1
3218 12245 611 1
3228 13005 619 1
3238 13724 628 1
3248 14384 636 1
3258 14984 644 1
3268 15464 652 1
3268 15853 661 1
3278 16153 672 1
3288 16353 683 1
3288 16483 695 1
3288 16563 703 1
3288 16603 711 1
3288 16613 719 1
3288 16613 728 1
3288 16603 750 1
7245 9686 942 0
7245 9676 961 1
7255 9666 969 1
7365 9646 978 1
7635 9596 994 1
8074 9516 1002 1
8544 9426 1011 1
9034 9326 1019 1
9463 9236 1028 1
9843 9156 1036 1
10153 9086 1044 1
10393 9016 1061 1
5386 12405 1182 0
5396 12395 1205 1
5506 12385 1228 1
5806 12345 1244 1
6326 12255 1252 1
6965 12155 1261 1
7575 12055 1269 1
8254 11965 1278 1
8844 11885 1286 1
9413 11805 1295 1
9913 11735 1303 1
10353 11665 1312 1
10683 11605 1321 1
10952 11535 1330 1
11162 11465 1338 1
11312 11405 1347 1
8994 6897 1502 0
8984 6897 1528 1
8974 6907 1537 1
8954 6997 1546 1
8924 7297 1553 1
8884 7857 1561 1
8844 8546 1569 1
8804 9306 1578 1
8774 10126 1586 1
8744 10975 1595 1
8714 11785 1603 1
8694 12565 1611 1
8684 13244 1619 1
8684 13834 1628 1
8684 14334 1645 1
8684 14754 1653 1
8684 15084 1661 1
8684 15344 1669 1
8694 15544 1678 1
8694 15683 1686 1
8694 15783 1695 1
6565 13984 1819 0
6555 13974 1832 1
6545 13974 1845 1
6525 13984 1853 1
6466 14044 1861 1
6366 14224 1869 1
6246 14524 1878 1
6136 14884 1886 1
6046 15284 1895 1
5986 15683 1911 1
5966 16013 1919 1
5976 16293 1928 1
6006 16503 1936 1
6056 16663 1945 1
6116 16763 1953 1
6206 16833 1962 1
6406 16893 1970 1
6705 16893 1978 1
7155 16803 1986 1
7635 16643 1995 1
8214 16433 2003 1
8854 16203 2011 1
9483 15973 2019 1
10123 15773 2028 1
10663 15614 2045 1
11172 15484 2053 1
11552 15384 2061 1
11832 15314 2069 1
12052 15264 2078 1
12212 15224 2088 1
12301 15204 2099 1
12341 15194 2111 1
11592 13414 2223 0
11592 13414 2242 1
11592 13424 2261 1
11592 13504 2269 1
11602 13744 2278 1
11612 14184 2286 1
11612 14714 2295 1
11612 15324 2311 1
11602 15883 2319 1
11582 16383 2328 1
11572 16803 2336 1
11562 17103 2345 1
11542 17303 2353 1
11522 17423 2361 1
11512 17483 2377 1
