2338 4068 0 0
2338 4058 10 1
2348 4048 20 1
2458 3998 30 1
2778 3888 40 1
3368 3738 48 1
4027 3598 56 1
4677 3468 66 1
5336 3358 77 1
5876 3268 86 1
6346 3218 95 1
6685 3198 105 1
6915 3208 115 1
7055 3238 125 1
7105 3278 136 1
7115 3408 143 1
7005 3678 150 1
6775 4038 157 1
6485 4418 164 1
6186 4758 172 1
5926 5048 181 1
5716 5298 189 1
5566 5527 197 1
5476 5757 205 1
5456 5977 214 1
5496 6207 222 1
5586 6447 231 1
5696 6687 239 1
5806 6907 247 1
5896 7127 255 1
5946 7327 264 1
5956 7517 280 1
5906 7677 288 1
5816 7817 297 1
5706 7917 305 1
5466 8036 314 1
5116 8096 322 1
4707 8046 331 1
4287 7867 339 1
3937 7617 347 1
3627 7287 355 1
3318 6847 364 1
3098 6437 372 1
2958 6087 381 1
2888 5827 398 1
2868 5657 406 1
2868 5567 415 1
2878 5527 423 1
2888 5517 431 1
2928 5537 439 1
3018 5667 448 1
3188 6077 457 1
3348 6727 467 1
3458 7527 474 1
3528 8376 482 1
3568 9306 489 1
3588 10216 497 1
3588 11115 505 1
3588 11935 514 1
3558 12675 522 1
3538 13304 531 1
3518 13774 547 1
3498 14184 555 1
3488 14464 564 1
3478 14654 572 1
3478 14764 581 1
3468 14814 593 1
3468 14824 605 1
3468 14824 617 1
6406 7107 735 0
6406 7097 744 1
6406 7087 753 1
6436 7067 762 1
6585 6997 771 1
6945 6877 781 1
7405 6747 797 1
7865 6647 805 1
8324 6577 814 1
8704 6547 822 1
9024 6527 831 1
9314 6527 839 1
9553 6517 847 1
9733 6507 863 1
6016 9946 957 0
6036 9946 997 1
6176 9926 1005 1
6555 9886 1014 1
7155 9806 1022 1
7845 9706 1031 1
8534 9626 1039 1
9254 9546 1047 1
9893 9476 1064 1
10473 9416 1072 1
10992 9366 1081 1
11422 9306 1089 1
11732 9246 1097 1
11972 9176 1105 1
12112 9106 1114 1
8834 4418 1244 0
8824 4418 1256 1
8824 4438 1268 1
8814 4568 1281 1
8804 4918 1289 1
8784 5507 1297 1
8754 6307 1314 1
8704 7207 1322 1
8654 8166 1331 1
8584 9126 1339 1
8514 10056 1347 1
8434 10905 1355 1
8354 11665 1364 1
8284 12355 1372 1
8224 12885 1381 1
8164 13344 1389 1
8124 13684 1397 1
8084 13934 1406 1
8054 14134 1415 1
5686 11815 1531 0
5676 11805 1541 1
5666 11805 1551 1
5636 11805 1561 1
5586 11845 1571 1
5476 12015 1581 1
5326 12345 1589 1
5186 12825 1597 1
5096 13334 1605 1
5086 13854 1614 1
5136 14294 1622 1
5246 14684 1631 1
5426 14984 1639 1
5636 15204 1647 1
6096 15444 1655 1
6665 15534 1664 1
7325 15474 1672 1
8084 15304 1681 1
8804 15074 1689 1
9463 14844 1698 1
10123 14634 1714 1
10693 14464 1722 1
11212 14314 1730 1
11652 14204 1738 1
12042 14114 1747 1
11742 12215 1846 0
11732 12215 1863 1
11722 12245 1881 1
11682 12395 1889 1
11612 12755 1898 1
11512 13294 1906 1
11432 13974 1914 1
11372 14704 1922 1
11322 15504 1931 1
11342 16303 1939 1
11362 17113 1948 1
