2638 6417 0 0
2638 6407 12 1
2638 6397 25 1
2638 6387 41 1
2648 6377 49 1
2698 6367 58 1
2828 6337 66 1
3058 6307 74 1
3368 6267 82 1
3737 6237 91 1
4087 6207 99 1
4427 6177 108 1
4737 6147 116 1
4987 6127 125 1
5186 6107 133 1
5326 6107 141 1
5416 6107 149 1
5476 6107 158 1
5506 6117 174 1
5516 6127 182 1
5526 6137 191 1
5526 6167 199 1
5506 6217 208 1
5446 6327 216 1
5326 6487 224 1
5156 6697 232 1
4947 6927 241 1
4707 7177 249 1
4447 7457 258 1
4197 7727 266 1
3957 7987 274 1
3737 8256 283 1
3548 8526 292 1
3398 8776 308 1
3278 8996 316 1
3188 9206 324 1
3128 9386 332 1
3108 9536 341 1
3118 9656 349 1
3158 9756 358 1
3218 9826 366 1
3318 9906 374 1
3508 9996 382 1
3747 10076 391 1
3997 10136 399 1
4227 10176 407 1
4457 10216 416 1
4677 10266 425 1
4877 10316 441 1
5027 10376 449 1
5146 10456 458 1
5236 10536 466 1
5316 10635 474 1
5386 10765 482 1
5426 10925 491 1
5436 11105 499 1
5416 11285 508 1
5376 11475 516 1
5286 11695 524 1
5146 11925 532 1
4987 12145 541 1
4807 12355 549 1
4627 12535 558 1
4427 12705 574 1
4217 12845 583 1
4037 12945 592 1
3887 13005 600 1
3757 13035 608 1
3647 13035 616 1
3558 13015 625 1
3478 12975 633 1
3398 12915 641 1
3318 12815 649 1
3218 12635 658 1
3118 12405 666 1
3028 12155 675 1
2978 11925 683 1
2938 11715 691 1
2918 11535 699 1
2898 11385 708 1
2888 11275 724 1
2878 11205 732 1
2878 11155 741 1
2878 11125 749 1
2878 11115 758 1
2878 11105 766 1
2878 11105 774 1
2878 11135 791 1
2888 11195 799 1
2898 11315 808 1
2918 11505 816 1
2928 11765 825 1
2938 12075 833 1
2948 12405 841 1
2968 12765 858 1
2978 13115 866 1
2988 13474 874 1
3008 13814 882 1
3028 14134 891 1
3038 14434 900 1
3048 14734 910 1
3058 14984 918 1
3068 15224 927 1
3078 15424 937 1
3088 15614 947 1
3088 15773 954 1
3098 15913 961 1
3098 16033 968 1
3098 16133 975 1
3098 16203 993 1
3098 16253 1001 1
3098 16293 1009 1
3098 16313 1017 1
3098 16323 1026 1
3098 16323 1034 1
3108 16323 1043 1
7335 9746 1712 0
7335 9736 1727 1
7345 9726 1742 1
7405 9706 1750 1
7535 9666 1758 1
7735 9606 1766 1
7994 9546 1775 1
8294 9476 1791 1
8584 9406 1799 1
8844 9346 1808 1
9094 9296 1816 1
9314 9246 1824 1
9493 9216 1832 1
9613 9196 1841 1
9693 9186 1849 1
9743 9176 1858 1
9773 9166 1866 1
9783 9166 1875 1
9793 9166 1891 1
9793 9166 1899 1
9783 9176 1908 1
5096 13454 2098 0
5096 13444 2125 1
5096 13434 2133 1
5106 13424 2141 1
5166 13384 2149 1
5346 13294 2158 1
5656 13144 2166 1
6136 12935 2175 1
6655 12705 2183 1
7265 12425 2191 1
7855 12145 2199 1
8424 11875 2208 1
8924 11625 2216 1
9373 11405 2225 1
9723 11225 2233 1
9983 11085 2241 1
10193 10965 2249 1
10373 10875 2258 1
10503 10815 2275 1
10593 10775 2283 1
10653 10745 2291 1
10693 10735 2299 1
10713 10725 2308 1
10723 10725 2325 1
10713 10725 2341 1
10693 10725 2358 1
8494 8076 2510 0
8494 8076 2525 1
8494 8076 2541 1
8484 8076 2558 1
8484 8086 2566 1
8484 8126 2575 1
8484 8236 2583 1
8494 8416 2591 1
8514 8676 2599 1
8524 9006 2608 1
8534 9366 2616 1
8534 9746 2625 1
8534 10136 2633 1
8514 10516 2641 1
8484 10905 2649 1
8454 11305 2658 1
8424 11685 2675 1
8404 12065 2683 1
8384 12415 2691 1
8354 12725 2699 1
8334 13025 2708 1
8314 13274 2716 1
8304 13494 2725 1
8294 13684 2733 1
8284 13844 2742 1
8274 13974 2750 1
8264 14064 2758 1
8254 14124 2766 1
8244 14164 2775 1
8244 14194 2783 1
8244 14204 2791 1
6296 13184 2944 0
6286 13184 2961 1
6276 13184 2978 1
6266 13194 2986 1
6256 13224 2995 1
6236 13284 3003 1
6226 13384 3012 1
6216 13524 3020 1
6216 13714 3028 1
6226 13934 3034 1
6236 14164 3041 1
6256 14394 3058 1
6286 14614 3068 1
6326 14814 3078 1
6376 14994 3086 1
6436 15144 3095 1
6515 15264 3103 1
6605 15354 3111 1
6745 15454 3119 1
6965 15544 3128 1
7285 15594 3136 1
7645 15594 3144 1
8074 15534 3151 1
8494 15414 3158 1
8924 15244 3166 1
9354 15044 3175 1
9733 14834 3191 1
10103 14614 3199 1
10433 14404 3208 1
10703 14214 3216 1
10942 14034 3225 1
11152 13884 3233 1
11322 13764 3242 1
11452 13664 3250 1
11562 13584 3258 1
11632 13534 3266 1
11682 13494 3275 1
11712 13474 3283 1
11722 13454 3292 1
11732 13444 3300 1
11732 13434 3308 1
11732 13424 3325 1
10633 12325 3470 0
10633 12325 3491 1
10633 12325 3509 1
10633 12335 3525 1
10633 12365 3533 1
10643 12445 3541 1
10663 12575 3549 1
10703 12785 3558 1
10753 13035 3566 1
10793 13304 3575 1
10832 13574 3591 1
10872 13844 3599 1
10902 14084 3608 1
10922 14284 3616 1
10942 14464 3625 1
10962 14624 3633 1
10982 14764 3641 1
11002 14904 3649 1
11022 15034 3658 1
11042 15144 3666 1
11072 15244 3675 1
11112 15344 3683 1
11162 15474 3691 1
