2198 5597 0 0
2198 5587 10 1
2198 5577 20 1
2238 5557 30 1
2378 5507 46 1
2698 5408 54 1
3118 5278 62 1
3617 5118 71 1
4087 4978 79 1
4557 4848 87 1
4957 4758 96 1
5296 4698 104 1
5586 4668 113 1
5806 4668 121 1
5956 4688 129 1
6046 4728 137 1
6086 4768 146 1
6106 4878 154 1
6046 5068 163 1
5896 5338 179 1
5676 5637 188 1
5446 5907 198 1
5226 6137 205 1
5037 6337 213 1
4887 6507 221 1
4787 6637 229 1
4727 6737 237 1
4717 6817 246 1
4747 6897 254 1
4807 6967 263 1
4927 7067 271 1
5096 7197 279 1
5276 7347 287 1
5436 7527 296 1
5586 7727 313 1
5696 7947 321 1
5746 8186 329 1
5746 8436 337 1
5696 8656 346 1
5616 8836 354 1
5506 8986 363 1
5346 9116 371 1
5096 9236 379 1
4827 9296 387 1
4537 9286 396 1
4257 9196 404 1
4017 9046 413 1
3817 8846 421 1
3607 8566 430 1
3448 8256 441 1
3338 7957 452 1
3268 7727 463 1
3238 7577 471 1
3228 7477 479 1
3228 7417 487 1
3228 7397 496 1
3228 7387 504 1
3238 7407 513 1
3288 7567 521 1
3368 7997 530 1
3428 8596 538 1
3478 9286 546 1
3508 10046 554 1
3528 10815 563 1
3548 11535 571 1
3578 12235 579 1
3607 12895 596 1
3627 13464 604 1
3657 13964 613 1
3687 14374 621 1
3717 14694 629 1
3747 14954 637 1
3777 15154 646 1
3797 15284 654 1
3817 15374 663 1
3827 15424 671 1
3837 15444 680 1
3857 15454 688 1
3897 15434 696 1
7505 8346 922 0
7505 8336 946 1
7535 8326 954 1
7665 8296 963 1
7964 8226 971 1
8374 8146 980 1
8844 8076 988 1
9284 8026 996 1
9683 7997 1004 1
10053 7967 1013 1
10343 7947 1021 1
10553 7927 1029 1
6126 11135 1152 0
6116 11125 1180 1
6116 11125 1200 1
6146 11115 1208 1
6326 11095 1216 1
6715 11065 1223 1
7275 11015 1231 1
7964 10965 1242 1
8644 10905 1253 1
9304 10835 1261 1
9953 10755 1269 1
10513 10665 1278 1
11002 10565 1287 1
11422 10466 1293 1
11752 10376 1300 1
12022 10286 1306 1
12222 10226 1313 1
12361 10166 1330 1
12451 10126 1339 1
12491 10106 1349 1
8904 5867 1506 0
8894 5867 1529 1
8884 5897 1537 1
8854 6027 1546 1
8804 6327 1554 1
8754 6827 1563 1
8724 7397 1580 1
8704 8076 1588 1
8704 8766 1596 1
8704 9506 1604 1
8724 10266 1613 1
8754 11005 1621 1
8784 11665 1629 1
8814 12295 1637 1
8844 12815 1646 1
8874 13294 1654 1
8894 13664 1663 1
8914 13944 1671 1
8924 14174 1679 1
8934 14344 1687 1
8944 14444 1696 1
8944 14504 1713 1
8944 14534 1726 1
6555 12745 1835 0
6545 12745 1863 1
6535 12745 1871 1
6515 12765 1880 1
6485 12875 1888 1
6446 13095 1896 1
6396 13424 1904 1
6366 13834 1913 1
6356 14244 1921 1
6356 14654 1929 1
6366 14984 1937 1
6396 15244 1946 1
6446 15424 1954 1
6495 15544 1963 1
6555 15614 1982 1
6675 15674 1990 1
6855 15713 1999 1
7125 15703 2006 1
7485 15634 2014 1
7944 15484 2021 1
8454 15284 2029 1
9024 15054 2037 1
9563 14834 2046 1
10143 14624 2054 1
10623 14464 2063 1
11082 14334 2071 1
11462 14244 2079 1
11762 14184 2087 1
12012 14134 2096 1
12202 14104 2104 1
12331 14084 2113 1
12421 14074 2129 1
12461 14064 2144 1
11642 12595 2243 0
11642 12595 2280 1
11642 12595 2288 1
11642 12635 2296 1
11652 12795 2305 1
11672 13075 2314 1
11682 13484 2322 1
11702 13914 2330 1
11702 14324 2338 1
11702 14724 2346 1
11692 15034 2354 1
11682 15274 2363 1
11672 15454 2379 1
11652 15574 2393 1
