2648 5837 0 0
2648 5837 20 1
2658 5827 40 1
2718 5817 48 1
2888 5777 57 1
3188 5697 65 1
3617 5587 73 1
4067 5477 81 1
4547 5378 90 1
4967 5298 98 1
5346 5238 107 1
5666 5198 123 1
5916 5178 131 1
6096 5188 140 1
6206 5208 148 1
6266 5228 157 1
6296 5258 165 1
6286 5368 173 1
6166 5597 181 1
5946 5907 190 1
5666 6237 198 1
5386 6537 207 1
5126 6787 215 1
4927 6977 223 1
4787 7107 231 1
4687 7217 240 1
4627 7317 257 1
4607 7417 265 1
4647 7527 273 1
4747 7657 281 1
4887 7797 290 1
5096 7977 298 1
5306 8156 307 1
5496 8326 315 1
5646 8476 323 1
5766 8626 331 1
5846 8786 340 1
5886 8946 348 1
5866 9126 357 1
5796 9296 365 1
5696 9436 373 1
5556 9556 381 1
5316 9676 390 1
5017 9706 407 1
4707 9606 415 1
4397 9376 423 1
4067 9006 431 1
3747 8526 440 1
3508 8066 448 1
3348 7707 457 1
3248 7447 465 1
3188 7257 474 1
3168 7147 482 1
3158 7087 490 1
3158 7067 498 1
3158 7057 507 1
3168 7067 515 1
3228 7217 523 1
3318 7607 540 1
3398 8206 548 1
3458 8966 557 1
3498 9766 565 1
3538 10536 573 1
3588 11305 581 1
3647 12075 590 1
3707 12815 598 1
3777 13514 607 1
3837 14164 615 1
3907 14754 623 1
3967 15264 631 1
4017 15683 640 1
4057 16003 648 1
4087 16253 657 1
4117 16423 673 1
4137 16533 681 1
4157 16593 690 1
4167 16623 698 1
4167 16623 707 1
4177 16623 715 1
4187 16603 723 1
7045 9096 917 0
7045 9086 928 1
7105 9076 940 1
7315 9046 951 1
7695 8996 963 1
8144 8936 970 1
8554 8866 977 1
8924 8796 984 1
9234 8736 992 1
9483 8686 1002 1
9663 8646 1012 1
9783 8616 1023 1
6436 11905 1119 0
6436 11905 1156 1
6466 11905 1173 1
6595 11905 1181 1
6965 11875 1189 1
7505 11815 1197 1
8184 11725 1206 1
8944 11615 1216 1
9673 11485 1226 1
10353 11335 1233 1
10992 11185 1241 1
11492 11045 1250 1
11922 10915 1259 1
12251 10805 1269 1
12491 10715 1279 1
12651 10635 1289 1
12721 10565 1304 1
8114 6397 1459 0
8104 6397 1474 1
8104 6417 1489 1
8104 6547 1497 1
8124 6917 1506 1
8164 7497 1523 1
8194 8226 1531 1
8234 9026 1539 1
8284 9876 1547 1
8344 10715 1556 1
8404 11515 1564 1
8464 12255 1573 1
8524 12945 1581 1
8584 13524 1590 1
8634 14004 1598 1
8684 14384 1606 1
8724 14664 1614 1
8754 14874 1623 1
8774 15014 1631 1
8784 15104 1640 1
8794 15154 1656 1
8794 15174 1664 1
8794 15174 1673 1
6555 13194 1779 0
6545 13194 1806 1
6525 13214 1814 1
6495 13304 1823 1
6446 13524 1831 1
6396 13864 1839 1
6366 14264 1847 1
6346 14704 1856 1
6336 15094 1864 1
6346 15444 1873 1
6366 15733 1881 1
6396 15953 1889 1
6426 16103 1897 1
6466 16203 1906 1
6515 16263 1923 1
6615 16313 1931 1
6775 16343 1939 1
7065 16333 1947 1
7455 16243 1956 1
7944 16083 1964 1
8454 15903 1973 1
9024 15713 1981 1
9533 15544 1989 1
10073 15394 1997 1
10533 15254 2006 1
10952 15134 2014 1
11292 15034 2023 1
11552 14944 2031 1
11732 14874 2040 1
11862 14824 2048 1
11952 14784 2056 1
12002 14754 2073 1
11552 13464 2175 0
11552 13454 2191 1
11552 13444 2207 1
11552 13444 2223 1
11562 13484 2231 1
11592 13634 2240 1
11622 13954 2248 1
11652 14454 2256 1
11672 14964 2264 1
11682 15494 2273 1
11682 15943 2281 1
11682 16303 2289 1
11682 16583 2297 1
11682 16783 2306 1
11682 16903 2316 1
11682 16963 2327 1
