2268 6177 0 0
2268 6177 25 1
2288 6177 42 1
2348 6177 50 1
2498 6157 59 1
2778 6097 67 1
3158 5987 75 1
3617 5847 84 1
4067 5707 93 1
4537 5577 101 1
4937 5477 109 1
5256 5398 117 1
5526 5348 125 1
5726 5328 134 1
5866 5328 143 1
5946 5338 153 1
5986 5348 164 1
5996 5378 175 1
5966 5487 183 1
5846 5687 192 1
5636 5967 200 1
5366 6277 209 1
5096 6577 217 1
4887 6797 226 1
4737 6957 234 1
4637 7077 242 1
4587 7157 250 1
4577 7217 259 1
4607 7267 267 1
4707 7337 276 1
4907 7427 292 1
5156 7537 300 1
5426 7657 309 1
5666 7777 317 1
5856 7887 325 1
5996 7987 333 1
6096 8076 342 1
6186 8196 350 1
6256 8376 359 1
6276 8556 367 1
6236 8726 375 1
6146 8886 383 1
6016 9016 392 1
5796 9156 400 1
5486 9256 409 1
5126 9266 425 1
4807 9186 434 1
4497 9016 443 1
4227 8796 451 1
3987 8536 459 1
3767 8226 467 1
3627 7967 475 1
3548 7767 483 1
3508 7637 492 1
3488 7567 500 1
3488 7527 508 1
3488 7517 516 1
3488 7517 525 1
3508 7547 533 1
3558 7687 542 1
3647 8096 558 1
3717 8706 566 1
3787 9406 575 1
3847 10166 583 1
3907 10965 592 1
3957 11705 600 1
3997 12465 608 1
4027 13164 616 1
4057 13814 625 1
4087 14394 633 1
4117 14884 642 1
4137 15294 650 1
4167 15594 658 1
4197 15823 666 1
4217 15993 675 1
4237 16113 686 1
4247 16183 697 1
4257 16213 709 1
4257 16223 720 1
4257 16223 731 1
7325 8996 916 0
7335 8986 937 1
7405 8976 958 1
7605 8946 966 1
7954 8886 975 1
8364 8796 983 1
8814 8696 992 1
9254 8596 1000 1
9623 8496 1008 1
9943 8406 1016 1
10213 8336 1025 1
6545 11705 1145 0
6535 11705 1163 1
6525 11705 1179 1
6535 11705 1200 1
6615 11725 1207 1
6875 11735 1214 1
7355 11715 1221 1
7964 11655 1228 1
8644 11565 1240 1
9284 11465 1252 1
9923 11345 1257 1
10443 11225 1263 1
10932 11095 1269 1
11332 10985 1275 1
11622 10885 1283 1
11842 10785 1292 1
11992 10695 1309 1
8434 6567 1457 0
8424 6557 1475 1
8414 6547 1483 1
8404 6547 1492 1
8394 6577 1500 1
8374 6707 1509 1
8354 7077 1517 1
8344 7637 1525 1
8344 8316 1533 1
8344 9086 1542 1
8344 9866 1553 1
8364 10645 1564 1
8374 11375 1575 1
8384 12035 1583 1
8394 12645 1592 1
8394 13164 1600 1
8394 13594 1609 1
8394 13924 1617 1
8394 14174 1625 1
8394 14354 1633 1
8394 14474 1642 1
8394 14544 1650 1
8384 14594 1659 1
8374 14614 1667 1
8364 14634 1675 1
6386 12875 1788 0
6376 12875 1809 1
6356 12895 1825 1
6316 13015 1833 1
6246 13274 1842 1
6166 13684 1850 1
6096 14154 1859 1
6036 14644 1867 1
5986 15114 1875 1
5966 15524 1883 1
5966 15853 1892 1
5986 16093 1900 1
6026 16263 1909 1
6066 16373 1917 1
6106 16433 1926 1
6176 16483 1934 1
6346 16513 1942 1
6605 16493 1950 1
6995 16393 1958 1
7465 16223 1975 1
8024 16003 1983 1
8554 15783 1992 1
9124 15564 2000 1
9613 15394 2009 1
10093 15234 2017 1
10513 15104 2025 1
10882 14994 2034 1
11192 14914 2043 1
11462 14844 2051 1
11662 14794 2059 1
11822 14754 2067 1
11942 14734 2076 1
12032 14714 2084 1
12092 14704 2092 1
11622 12865 2213 0
11622 12865 2224 1
11612 12865 2236 1
11602 12895 2247 1
11592 13005 2259 1
11572 13224 2267 1
11552 13594 2276 1
11512 14054 2284 1
11462 14584 2292 1
11412 15094 2300 1
11362 15584 2309 1
11312 15983 2317 1
11272 16293 2325 1
11242 16513 2333 1
11222 16673 2343 1
11212 16763 2351 1
11202 16803 2359 1
