2578 5687 0 0
2568 5677 11 1
2558 5667 22 1
2548 5657 34 1
2548 5647 42 1
2548 5627 51 1
2558 5597 67 1
2618 5547 75 1
2768 5447 84 1
3008 5328 92 1
3308 5208 101 1
3637 5098 109 1
3967 5008 117 1
4287 4948 125 1
4597 4908 134 1
4887 4908 142 1
5126 4938 151 1
5326 4998 159 1
5476 5068 167 1
5586 5158 175 1
5676 5298 184 1
5736 5517 201 1
5726 5777 209 1
5646 6077 218 1
5486 6417 226 1
5266 6747 235 1
5017 7067 243 1
4767 7367 251 1
4527 7647 259 1
4307 7877 267 1
4117 8056 275 1
3947 8206 284 1
3827 8306 293 1
3747 8376 302 1
3687 8416 310 1
3657 8436 318 1
3637 8446 334 1
3627 8446 342 1
3627 8446 351 1
3677 8436 360 1
3807 8396 370 1
4007 8336 377 1
4227 8266 384 1
4487 8206 392 1
4737 8156 401 1
4977 8136 409 1
5176 8136 417 1
5366 8166 425 1
5536 8216 434 1
5686 8286 442 1
5806 8376 451 1
5906 8486 459 1
6006 8616 467 1
6076 8776 475 1
6106 8956 484 1
6096 9146 501 1
6026 9356 509 1
5906 9566 517 1
5746 9786 525 1
5536 10026 534 1
5276 10276 542 1
4987 10526 551 1
4687 10745 559 1
4387 10945 568 1
4117 11095 576 1
3877 11215 584 1
3667 11305 592 1
3478 11365 601 1
3308 11395 609 1
3168 11395 617 1
3048 11375 634 1
2948 11335 648 1
2788 7057 820 0
2788 7057 835 1
2788 7067 851 1
2788 7147 871 1
2818 7757 878 1
2838 8216 886 1
2848 8706 893 1
2858 9236 901 1
2868 9806 909 1
2868 10376 918 1
2868 11015 926 1
2868 11585 935 1
2868 12175 943 1
2878 12745 952 1
2878 13284 960 1
2888 13784 968 1
2888 14234 976 1
2888 14614 984 1
2888 14934 992 1
2878 15194 1001 1
2878 15384 1012 1
2868 15514 1023 1
2868 15594 1034 1
2868 15634 1050 1
2868 15644 1067 1
7355 6677 1288 0
7355 6667 1303 1
7375 6657 1319 1
7455 6617 1329 1
7615 6547 1340 1
7885 6447 1349 1
8234 6337 1358 1
8574 6227 1368 1
8924 6117 1376 1
9264 6027 1385 1
9563 5947 1393 1
9833 5877 1402 1
10083 5827 1410 1
10303 5787 1418 1
10483 5757 1426 1
10623 5737 1435 1
10723 5737 1451 1
6156 10076 1578 0
6156 10076 1601 1
6156 10076 1609 1
6156 10066 1617 1
6156 10056 1635 1
6176 10046 1643 1
6256 10026 1651 1
6436 9996 1659 1
6705 9936 1668 1
7075 9836 1676 1
7475 9706 1684 1
7905 9566 1692 1
8354 9416 1701 1
8784 9266 1709 1
9214 9136 1718 1
9603 9026 1726 1
10003 8916 1734 1
10373 8826 1742 1
10713 8746 1751 1
11042 8676 1761 1
11332 8626 1772 1
11582 8586 1781 1
11792 8556 1791 1
11972 8536 1801 1
12102 8526 1809 1
12192 8526 1818 1
12241 8526 1826 1
12271 8516 1834 1
12281 8516 1842 1
12281 8506 1851 1
12281 8496 1871 1
9354 4868 2014 0
9344 4868 2024 1
9334 4868 2035 1
9324 4868 2041 1
9304 4898 2048 1
9274 4998 2055 1
9224 5218 2067 1
9174 5567 2075 1
9154 5987 2084 1
9134 6467 2092 1
9144 6987 2101 1
9164 7527 2109 1
9194 8106 2117 1
9234 8696 2125 1
9264 9256 2134 1
9294 9776 2142 1
9314 10266 2151 1
9334 10695 2167 1
9344 11065 2175 1
9354 11395 2184 1
9363 11675 2192 1
9373 11925 2201 1
9383 12145 2209 1
9403 12335 2217 1
9413 12485 2225 1
9423 12595 2234 1
9433 12675 2242 1
9433 12725 2251 1
9433 12745 2259 1
9433 12755 2268 1
9423 12755 2276 1
9413 12745 2284 1
7555 10516 2389 0
7545 10516 2398 1
7535 10516 2407 1
7505 10556 2417 1
7435 10685 2434 1
7325 10955 2442 1
7185 11305 2451 1
7035 11705 2459 1
6895 12105 2468 1
6765 12475 2476 1
6655 12815 2484 1
6575 13115 2492 1
6525 13344 2501 1
6495 13524 2509 1
6495 13664 2517 1
6515 13764 2525 1
6545 13834 2534 1
6585 13874 2542 1
6665 13914 2551 1
6805 13964 2567 1
7035 13984 2575 1
7335 13964 2584 1
7655 13904 2592 1
8024 13814 2601 1
8394 13714 2609 1
8774 13584 2618 1
9164 13444 2626 1
9543 13294 2634 1
9923 13154 2642 1
10283 13025 2651 1
10613 12925 2659 1
10952 12835 2668 1
11252 12775 2679 1
11512 12745 2690 1
11732 12725 2701 1
11912 12715 2706 1
12052 12715 2712 1
12152 12725 2718 1
12222 12735 2734 1
12261 12735 2748 1
12531 10006 2912 0
12531 10006 2934 1
12531 10016 2942 1
12541 10096 2951 1
12561 10276 2967 1
12581 10575 2975 1
12611 10925 2984 1
12631 11295 2992 1
12641 11695 3001 1
12661 12115 3009 1
12681 12555 3018 1
12701 12995 3026 1
12711 13384 3034 1
12731 13764 3042 1
12741 14114 3051 1
12751 14414 3059 1
12761 14674 3068 1
12771 14894 3076 1
12781 15074 3084 1
12781 15204 3092 1
12781 15294 3101 1
12781 15344 3109 1
12771 15364 3118 1
12771 15364 3134 1
12771 15364 3147 1
