1909 7687 0 0
1909 7677 11 1
1919 7667 23 1
1979 7657 43 1
2109 7627 51 1
2278 7587 60 1
2478 7537 68 1
2698 7477 76 1
2918 7427 83 1
3128 7387 91 1
3308 7357 98 1
3468 7327 106 1
3617 7307 115 1
3757 7297 124 1
3887 7297 132 1
3997 7307 140 1
4077 7327 148 1
4137 7357 156 1
4177 7387 164 1
4207 7447 173 1
4227 7547 181 1
4207 7687 190 1
4127 7877 208 1
3987 8116 217 1
3797 8396 226 1
3578 8686 233 1
3318 8996 240 1
3068 9296 248 1
2838 9566 256 1
2628 9816 264 1
2468 10036 273 1
2348 10216 284 1
2268 10366 295 1
2218 10476 307 1
2198 10546 315 1
2208 10595 323 1
2238 10625 333 1
2348 10655 345 1
2568 10655 352 1
2868 10605 359 1
3168 10526 366 1
3518 10426 374 1
3857 10326 382 1
4157 10236 390 1
4447 10166 398 1
4717 10106 407 1
4937 10066 416 1
5116 10046 425 1
5246 10046 437 1
5336 10056 449 1
5396 10076 461 1
5426 10096 468 1
5456 10146 476 1
5466 10236 483 1
5426 10396 491 1
5316 10625 500 1
5126 10905 510 1
4907 11175 520 1
4677 11435 530 1
4447 11685 541 1
4217 11905 549 1
3827 12275 558 1
3677 12405 566 1
3548 12505 575 1
3428 12585 594 1
3338 12635 613 1
2208 9326 765 0
2208 9326 791 1
2208 9326 799 1
2208 9346 808 1
2218 9406 816 1
2248 9516 825 1
2298 9716 844 1
2358 9996 850 1
2408 10326 857 1
2458 10685 865 1
2498 11085 874 1
2528 11475 886 1
2558 11895 898 1
2578 12285 904 1
2588 12695 910 1
2608 13075 916 1
2618 13444 923 1
2638 13784 931 1
2658 14094 940 1
2678 14364 950 1
2698 14624 961 1
2728 14884 971 1
2758 15094 981 1
2798 15314 991 1
5736 9196 1254 0
5736 9186 1272 1
5766 9176 1290 1
5856 9156 1300 1
6026 9126 1310 1
6286 9086 1316 1
6575 9036 1323 1
6845 8996 1331 1
7105 8966 1340 1
7345 8936 1350 1
7565 8916 1360 1
7735 8896 1367 1
7875 8886 1374 1
7984 8876 1393 1
8074 8876 1404 1
8124 8896 1416 1
5316 12355 1552 0
5316 12355 1562 1
5316 12355 1573 1
5326 12345 1581 1
5386 12325 1589 1
5536 12265 1598 1
5766 12155 1608 1
6086 12005 1615 1
6446 11845 1623 1
6785 11685 1632 1
7105 11535 1641 1
7405 11385 1656 1
7665 11265 1664 1
7885 11165 1673 1
8064 11085 1681 1
8204 11015 1690 1
8334 10965 1698 1
8444 10925 1706 1
8514 10895 1714 1
8564 10865 1723 1
6975 8076 1933 0
6975 8076 1945 1
6975 8116 1957 1
6985 8246 1965 1
7005 8496 1973 1
7035 8856 1989 1
7065 9246 1997 1
7095 9676 2006 1
7125 10116 2014 1
7145 10546 2023 1
7155 10975 2031 1
7155 11405 2040 1
7155 11845 2051 1
7145 12245 2062 1
7125 12635 2073 1
7105 12995 2078 1
7085 13304 2084 1
7065 13604 2090 1
7045 13864 2098 1
7025 14094 2106 1
7005 14294 2114 1
6985 14464 2123 1
6965 14604 2145 1
6945 14714 2150 1
6935 14794 2156 1
6925 14844 2164 1
6915 14884 2173 1
6905 14904 2181 1
6895 14914 2189 1
6885 14914 2198 1
6865 14914 2206 1
5166 13224 2350 0
5156 13224 2361 1
5146 13224 2373 1
5146 13244 2389 1
5136 13314 2397 1
5116 13444 2406 1
5076 13644 2414 1
5007 13874 2423 1
4907 14124 2431 1
4807 14374 2440 1
4687 14634 2448 1
4577 14884 2457 1
4477 15094 2465 1
4387 15294 2473 1
4307 15454 2481 1
4247 15584 2490 1
4207 15683 2498 1
4187 15763 2506 1
4177 15823 2523 1
4187 15863 2531 1
4197 15893 2540 1
4227 15913 2548 1
4287 15933 2556 1
4417 15943 2564 1
4607 15913 2573 1
4837 15853 2581 1
5096 15753 2590 1
5396 15634 2598 1
5706 15494 2607 1
6006 15354 2615 1
6296 15224 2623 1
6575 15094 2631 1
6835 14974 2640 1
7085 14864 2651 1
7325 14774 2662 1
7545 14694 2673 1
7865 14584 2690 1
7994 14534 2698 1
8114 14494 2706 1
8244 14454 2714 1
8354 14394 2723 1
8964 13154 2869 0
8964 13154 2890 1
8964 13154 2898 1
8964 13174 2906 1
8964 13234 2914 1
8964 13344 2923 1
8964 13494 2931 1
8974 13674 2939 1
8994 13884 2956 1
9014 14094 2964 1
9034 14294 2973 1
9064 14494 2983 1
9084 14684 2993 1
9104 14864 3000 1
9124 15044 3007 1
9144 15184 3015 1
9164 15314 3023 1
9184 15424 3031 1
9204 15534 3040 1
