1909 8976 0 0
1909 8976 21 1
1909 8976 44 1
1909 8966 68 1
1929 8956 76 1
1999 8936 85 1
2149 8896 93 1
2378 8816 102 1
2678 8716 112 1
2958 8626 123 1
3228 8536 129 1
3498 8466 135 1
3747 8406 143 1
3977 8356 152 1
4177 8326 160 1
4347 8306 169 1
4477 8306 177 1
4587 8316 185 1
4667 8336 202 1
4717 8366 210 1
4747 8416 218 1
4767 8526 226 1
4747 8686 235 1
4647 8926 243 1
4477 9216 252 1
4247 9536 260 1
3967 9886 268 1
3687 10226 279 1
3438 10526 290 1
3208 10795 299 1
3008 11025 308 1
2848 11225 318 1
2728 11395 326 1
2638 11525 335 1
2588 11615 343 1
2558 11675 352 1
2548 11715 360 1
2558 11745 368 1
2608 11775 376 1
2788 11795 385 1
3088 11765 393 1
3498 11685 402 1
3897 11575 410 1
4267 11465 419 1
4597 11365 427 1
4897 11285 436 1
5116 11225 447 1
5276 11195 458 1
5396 11185 469 1
5476 11195 477 1
5526 11215 488 1
5556 11255 495 1
5576 11335 503 1
5556 11475 511 1
5466 11705 519 1
5286 12005 527 1
5037 12335 536 1
4737 12685 544 1
4397 13025 552 1
4027 13354 560 1
3667 13664 569 1
3358 13904 585 1
3088 14104 593 1
2878 14244 602 1
2718 14334 610 1
2608 14384 619 1
2528 14414 627 1
2478 14424 635 1
2438 14414 644 1
2408 14394 653 1
2528 10436 792 0
2528 10436 805 1
2518 10436 819 1
2508 10436 827 1
2498 10466 835 1
2488 10565 852 1
2478 10745 860 1
2468 11045 869 1
2468 11415 878 1
2468 11855 887 1
2468 12295 899 1
2448 12775 912 1
2448 13234 925 1
2428 13714 930 1
2408 14154 936 1
2388 14574 941 1
2368 14974 947 1
2348 15354 953 1
2328 15713 968 1
2318 16003 976 1
2308 16253 985 1
2308 16473 993 1
2328 16663 1002 1
2348 16823 1010 1
2378 16923 1018 1
6655 9996 1234 0
6655 9996 1243 1
6655 9986 1252 1
6675 9976 1268 1
6745 9966 1276 1
6875 9956 1285 1
7075 9936 1293 1
7315 9916 1302 1
7535 9896 1310 1
7745 9896 1319 1
7944 9896 1327 1
8114 9916 1336 1
8254 9956 1344 1
8344 10006 1352 1
8394 10096 1360 1
8374 10276 1369 1
5076 13744 1477 0
5076 13734 1489 1
5076 13724 1502 1
5106 13714 1510 1
5266 13654 1518 1
5616 13514 1526 1
6106 13304 1535 1
6605 13105 1552 1
7135 12895 1560 1
7615 12715 1569 1
8064 12545 1577 1
8454 12405 1585 1
8774 12305 1593 1
9024 12225 1602 1
9224 12165 1610 1
9363 12135 1618 1
9453 12115 1626 1
9503 12095 1635 1
9533 12085 1643 1
9533 12075 1652 1
7365 8746 1818 0
7365 8746 1835 1
7365 8766 1852 1
7375 8826 1860 1
7405 8986 1869 1
7435 9246 1877 1
7475 9596 1886 1
7505 10006 1894 1
7525 10446 1902 1
7535 10925 1910 1
7515 11405 1919 1
7495 11885 1935 1
7465 12345 1943 1
7425 12805 1952 1
7385 13224 1960 1
7335 13634 1968 1
7285 14014 1976 1
7235 14364 1985 1
7195 14684 1993 1
7155 14964 2002 1
7125 15204 2010 1
7095 15414 2019 1
7075 15594 2027 1
7055 15733 2035 1
7035 15843 2043 1
7015 15943 2052 1
6985 16023 2068 1
5056 14524 2237 0
5056 14524 2253 1
5046 14554 2269 1
5037 14654 2277 1
5017 14824 2285 1
4967 15064 2293 1
4897 15344 2302 1
4807 15644 2319 1
4707 15943 2327 1
4607 16243 2335 1
4507 16513 2343 1
4417 16743 2352 1
4337 16933 2360 1
4277 17073 2368 1
4227 17193 2377 1
4187 17283 2386 1
4167 17343 2394 1
4157 17383 2402 1
4157 17403 2410 1
4167 17413 2419 1
4207 17423 2428 1
4297 17423 2438 1
4487 17393 2456 1
4747 17323 2462 1
5056 17193 2468 1
5406 17033 2476 1
5746 16863 2485 1
6066 16693 2493 1
6426 16513 2502 1
6745 16363 2510 1
7065 16213 2519 1
7365 16083 2529 1
7655 15963 2539 1
7885 15863 2546 1
8094 15783 2553 1
8274 15723 2561 1
8424 15683 2569 1
8554 15654 2577 1
8654 15634 2585 1
8724 15624 2593 1
8774 15614 2602 1
9493 14174 2735 0
9493 14174 2751 1
9493 14174 2768 1
9493 14174 2776 1
9493 14194 2785 1
9493 14244 2793 1
9493 14354 2802 1
9483 14504 2810 1
9463 14684 2818 1
9443 14894 2826 1
9423 15124 2835 1
9403 15364 2843 1
9383 15594 2852 1
9363 15813 2868 1
9344 16033 2877 1
9344 16243 2886 1
9344 16443 2894 1
9344 16623 2902 1
9344 16773 2910 1
9344 16913 2919 1
9344 17043 2927 1
9344 17183 2936 1
9324 17363 2944 1
9304 17553 2952 1
