2089 5607 0 0
2089 5597 39 1
2099 5587 47 1
2159 5547 56 1
2298 5467 73 1
2548 5348 81 1
2878 5188 89 1
3238 5028 97 1
3598 4878 106 1
3917 4758 114 1
4167 4668 122 1
4367 4608 130 1
4507 4578 139 1
4597 4568 147 1
4657 4578 156 1
4687 4598 164 1
4697 4648 173 1
4677 4768 183 1
4597 4968 193 1
4467 5198 210 1
4327 5418 216 1
4207 5597 223 1
4117 5737 231 1
4077 5857 239 1
4077 5967 247 1
4117 6067 256 1
4207 6167 269 1
4387 6317 282 1
4637 6487 288 1
4867 6657 294 1
5056 6807 300 1
5196 6947 306 1
5336 7127 314 1
5436 7357 323 1
5476 7617 331 1
5446 7877 339 1
5346 8146 356 1
5196 8406 364 1
5017 8646 373 1
4827 8826 381 1
4587 9006 389 1
4307 9146 397 1
4037 9226 406 1
3797 9246 414 1
3568 9196 423 1
3368 9076 431 1
3188 8886 439 1
2988 8566 447 1
2828 8196 456 1
2728 7857 464 1
2668 7557 473 1
2648 7307 496 1
2648 7107 502 1
2658 6957 509 1
2668 6857 516 1
2678 6797 523 1
2688 6777 532 1
2688 6767 542 1
2698 6787 549 1
2728 6917 556 1
2778 7287 564 1
2808 7817 572 1
2828 8476 580 1
2828 9236 589 1
2828 10036 597 1
2828 10795 606 1
2828 11455 623 1
2838 12055 631 1
2868 12535 639 1
2898 12915 647 1
2938 13234 656 1
2978 13494 664 1
3008 13704 673 1
3038 13864 681 1
3068 13984 689 1
3088 14074 697 1
3108 14134 706 1
3128 14174 714 1
3138 14194 722 1
3138 14204 730 1
3148 14204 739 1
6436 8406 1170 0
6436 8396 1188 1
6456 8376 1206 1
6595 8326 1227 1
6975 8206 1234 1
7495 8036 1241 1
8094 7857 1248 1
8674 7697 1256 1
9234 7537 1264 1
9673 7427 1273 1
10053 7337 1281 1
10343 7277 1290 1
10543 7237 1298 1
10663 7217 1307 1
5146 11505 1435 0
5146 11495 1473 1
5186 11475 1481 1
5386 11395 1489 1
5826 11245 1498 1
6416 11055 1507 1
7145 10855 1515 1
7865 10665 1523 1
8544 10506 1531 1
9204 10346 1539 1
9793 10206 1547 1
10323 10086 1556 1
10753 9976 1564 1
11092 9886 1573 1
11372 9816 1581 1
11572 9766 1590 1
11692 9726 1598 1
11762 9696 1607 1
11792 9676 1623 1
11792 9666 1636 1
8354 5178 1779 0
8344 5168 1789 1
8334 5168 1799 1
8324 5168 1809 1
8304 5208 1816 1
8274 5378 1824 1
8244 5737 1831 1
8224 6317 1839 1
8224 7037 1847 1
8244 7817 1856 1
8284 8586 1864 1
8324 9316 1872 1
8374 9996 1889 1
8434 10605 1897 1
8474 11215 1906 1
8494 11755 1914 1
8514 12245 1922 1
8514 12635 1930 1
8514 12935 1939 1
8514 13154 1947 1
8514 13314 1956 1
8514 13424 1964 1
8504 13484 1972 1
8494 13514 1980 1
8484 13524 1989 1
8474 13524 1997 1
8464 13524 2006 1
6236 12165 2126 0
6226 12165 2141 1
6216 12175 2156 1
6196 12225 2164 1
6156 12355 2173 1
6096 12625 2181 1
6036 12995 2189 1
5986 13394 2197 1
5966 13804 2206 1
5966 14144 2214 1
5986 14424 2223 1
6016 14634 2231 1
6066 14794 2240 1
6116 14904 2248 1
6166 14964 2256 1
6266 15014 2273 1
6466 15044 2281 1
6745 15004 2289 1
7145 14894 2297 1
7585 14754 2306 1
8094 14574 2314 1
8584 14384 2323 1
9094 14184 2331 1
9533 14014 2339 1
9973 13854 2347 1
10373 13714 2356 1
10703 13594 2364 1
11012 13494 2373 1
11282 13414 2381 1
11492 13354 2389 1
11652 13314 2397 1
11752 13294 2406 1
11812 13274 2423 1
11852 13264 2431 1
11862 13254 2439 1
11332 11325 2537 0
11332 11325 2555 1
11332 11325 2573 1
11322 11335 2581 1
11312 11385 2589 1
11302 11515 2597 1
11282 11815 2606 1
11262 12225 2614 1
11232 12715 2623 1
11202 13204 2631 1
11172 13684 2640 1
11142 14104 2648 1
11112 14464 2656 1
11092 14754 2673 1
11072 14974 2681 1
11062 15114 2689 1
11052 15204 2697 1
11042 15254 2706 1
11032 15274 2715 1
11022 15274 2725 1
