1529 8756 0 0
1529 8756 13 1
1529 8746 26 1
1539 8736 39 1
1579 8716 47 1
1699 8676 56 1
1919 8616 65 1
2188 8536 75 1
2478 8466 84 1
2768 8406 93 1
3018 8356 101 1
3238 8316 109 1
3418 8286 116 1
3558 8266 123 1
3667 8266 135 1
3757 8276 148 1
3817 8306 156 1
3847 8336 165 1
3877 8416 174 1
3877 8556 182 1
3817 8776 191 1
3677 9066 200 1
3478 9366 209 1
3238 9686 217 1
3008 9986 226 1
2808 10256 234 1
2638 10486 243 1
2508 10665 249 1
2418 10805 256 1
2358 10915 265 1
2328 10995 274 1
2318 11045 290 1
2328 11085 298 1
2348 11105 307 1
2438 11135 315 1
2658 11145 323 1
2988 11095 331 1
3408 10995 339 1
3827 10875 347 1
4197 10765 356 1
4527 10665 365 1
4777 10595 374 1
4977 10556 382 1
5116 10546 391 1
5206 10556 399 1
5256 10575 408 1
5286 10605 416 1
5306 10675 425 1
5296 10795 441 1
5236 10975 449 1
5116 11185 458 1
4947 11425 466 1
4757 11665 474 1
4527 11915 482 1
4287 12165 490 1
4027 12405 499 1
3787 12615 509 1
3558 12805 516 1
3348 12965 524 1
3178 13075 541 1
3038 13154 548 1
2928 13204 556 1
2848 13224 564 1
2788 13234 573 1
2738 13234 581 1
2698 13224 590 1
2668 13204 598 1
2638 13174 607 1
2598 13124 615 1
2548 13025 623 1
2508 12855 631 1
2478 12625 640 1
2438 12245 648 1
2398 11905 657 1
2298 10536 688 0
2288 10526 700 1
2278 10516 713 1
2268 10506 726 1
2258 10486 732 1
2248 10476 739 1
2238 10466 747 1
2228 10456 756 1
2218 10446 764 1
2208 10436 773 1
2208 10456 793 1
2228 10546 799 1
2258 10725 806 1
2308 10985 816 1
2358 11295 826 1
2398 11665 841 1
2428 12055 849 1
2458 12465 857 1
2488 12885 865 1
2508 13294 873 1
2518 13684 883 1
2528 14054 893 1
2548 14394 901 1
2568 14704 909 1
2578 15004 917 1
2588 15254 925 1
2598 15484 936 1
2608 15693 947 1
2618 15893 958 1
2618 16053 966 1
2628 16183 974 1
2638 16273 982 1
2648 16343 990 1
2668 16383 1012 1
6745 9586 1241 0
6765 9576 1289 1
6815 9566 1297 1
6915 9556 1306 1
7075 9546 1314 1
7255 9526 1323 1
7445 9516 1331 1
7625 9496 1340 1
7785 9476 1348 1
7924 9466 1356 1
8054 9466 1364 1
8164 9476 1373 1
8244 9496 1381 1
8284 9526 1389 1
5476 13504 1536 0
5476 13504 1546 1
5476 13504 1557 1
5536 13474 1567 1
5696 13404 1578 1
5996 13264 1589 1
6416 13075 1597 1
6865 12855 1606 1
7325 12645 1614 1
7755 12435 1623 1
8174 12255 1631 1
8544 12095 1639 1
8844 11975 1647 1
9094 11875 1656 1
9314 11795 1673 1
9463 11745 1681 1
9573 11705 1689 1
9633 11685 1697 1
9663 11675 1706 1
9673 11665 1714 1
9673 11655 1723 1
7445 8236 1890 0
7435 8236 1900 1
7425 8236 1911 1
7415 8236 1922 1
7415 8276 1939 1
7415 8406 1947 1
7415 8646 1956 1
7425 9006 1964 1
7435 9396 1973 1
7445 9816 1981 1
7455 10236 1989 1
7455 10665 1997 1
7465 11095 2006 1
7475 11525 2014 1
7475 11955 2023 1
7475 12355 2034 1
7475 12745 2045 1
7475 13134 2056 1
7475 13504 2072 1
7475 14144 2080 1
7465 14404 2089 1
7455 14654 2097 1
7445 14884 2106 1
7425 15084 2114 1
7405 15244 2122 1
7385 15364 2130 1
7365 15464 2139 1
7345 15544 2147 1
7325 15604 2156 1
7295 15654 2164 1
7235 15703 2173 1
5266 14694 2319 0
5266 14694 2341 1
5266 14694 2356 1
5266 14714 2364 1
5266 14774 2373 1
5266 14884 2381 1
5266 15054 2389 1
5256 15274 2397 1
5226 15544 2406 1
5186 15813 2414 1
5116 16103 2423 1
5027 16373 2431 1
4927 16633 2439 1
4807 16883 2456 1
4697 17113 2464 1
4597 17303 2472 1
4507 17463 2480 1
4437 17603 2489 1
4387 17703 2497 1
4347 17773 2506 1
4317 17823 2514 1
4297 17853 2522 1
4287 17873 2530 1
4277 17883 2539 1
4277 17883 2547 1
4287 17883 2556 1
4317 17873 2564 1
4447 17823 2573 1
4687 17703 2589 1
4987 17553 2597 1
5336 17383 2606 1
5696 17193 2614 1
6056 17013 2622 1
6436 16823 2630 1
6795 16663 2639 1
7165 16503 2647 1
7525 16363 2656 1
7865 16243 2664 1
8204 16123 2673 1
8524 16013 2681 1
8824 15903 2689 1
9074 15833 2697 1
9314 15763 2706 1
9513 15713 2714 1
9653 15683 2722 1
9753 15664 2742 1
9813 15654 2749 1
9853 15644 2756 1
9873 15634 2764 1
9883 15634 2772 1
9883 15634 2789 1
9883 15634 2806 1
9883 14394 2949 0
9873 14394 2960 1
9873 14404 2972 1
9863 14444 2980 1
9863 14534 2989 1
9863 14694 3006 1
9863 14894 3014 1
9863 15104 3023 1
9863 15314 3031 1
9863 15524 3040 1
9863 15733 3048 1
9863 15933 3056 1
9863 16113 3064 1
9863 16283 3073 1
9863 16423 3081 1
9863 16553 3090 1
9873 16673 3098 1
9883 16783 3107 1
9883 16873 3115 1
9883 16943 3123 1
9883 16993 3139 1
9883 17033 3147 1
9883 17073 3156 1
9883 17103 3164 1
9883 17143 3173 1
