2658 5697 0 0
2658 5697 22 1
2658 5697 45 1
2668 5697 52 1
2708 5697 60 1
2798 5697 68 1
2958 5677 77 1
3168 5637 85 1
3438 5587 94 1
3737 5527 102 1
4007 5467 111 1
4237 5408 119 1
4447 5368 128 1
4617 5338 136 1
4747 5318 145 1
4857 5318 153 1
4927 5328 162 1
4967 5358 178 1
5007 5457 186 1
5017 5647 194 1
4967 5897 202 1
4877 6197 211 1
4767 6497 219 1
4667 6747 227 1
4587 6957 235 1
4537 7137 244 1
4507 7287 254 1
4507 7417 264 1
4527 7527 273 1
4587 7617 283 1
4687 7707 293 1
4847 7807 304 1
5276 8006 315 1
5516 8096 327 1
5736 8186 337 1
5936 8276 347 1
6096 8376 355 1
6226 8476 363 1
6336 8606 373 1
6436 8766 383 1
6505 8946 393 1
6535 9146 398 1
6525 9346 405 1
6476 9536 411 1
6386 9716 419 1
6256 9866 427 1
6086 10016 443 1
5876 10156 452 1
5666 10266 460 1
5456 10326 468 1
5236 10356 477 1
5007 10356 485 1
4807 10336 494 1
4627 10296 502 1
4457 10246 510 1
4297 10196 518 1
4137 10126 527 1
3078 7817 650 0
3078 7817 658 1
3078 7827 667 1
3078 7857 676 1
3098 7927 685 1
3138 8066 694 1
3198 8306 710 1
3268 8596 718 1
3338 8976 727 1
3398 9376 735 1
3448 9826 743 1
3478 10306 751 1
3498 10865 760 1
3518 11405 768 1
3528 12035 777 1
3528 12635 788 1
3528 13204 799 1
3538 13724 810 1
3548 14184 815 1
3558 14544 821 1
3578 14844 827 1
3598 15114 844 1
3607 15314 849 1
3617 15464 854 1
3637 15594 860 1
3647 15703 877 1
3657 15783 885 1
3667 15833 893 1
3667 15863 901 1
3667 15873 910 1
3667 15863 919 1
3687 15803 928 1
7155 7467 1121 0
7155 7467 1134 1
7155 7467 1147 1
7205 7467 1160 1
7345 7477 1168 1
7585 7497 1177 1
7885 7517 1185 1
8244 7527 1194 1
8584 7527 1202 1
8904 7517 1210 1
9224 7517 1226 1
9493 7507 1234 1
9723 7487 1243 1
9933 7467 1251 1
10113 7447 1260 1
10253 7437 1268 1
10353 7427 1276 1
10413 7427 1294 1
4967 12125 1423 0
4957 12115 1443 1
4947 12105 1451 1
4947 12095 1460 1
4957 12085 1468 1
5007 12055 1476 1
5176 11975 1493 1
5516 11855 1501 1
5996 11695 1510 1
6525 11515 1518 1
7165 11315 1526 1
7745 11115 1534 1
8324 10905 1543 1
8844 10705 1553 1
9334 10536 1563 1
9703 10406 1569 1
9993 10306 1576 1
10223 10226 1595 1
10403 10176 1603 1
10513 10146 1611 1
10583 10136 1619 1
10623 10136 1627 1
10633 10136 1643 1
8604 6897 1815 0
8594 6897 1844 1
8584 6907 1852 1
8544 7027 1860 1
8464 7347 1877 1
8374 7877 1885 1
8304 8486 1894 1
8244 9176 1902 1
8204 9856 1911 1
8174 10516 1919 1
8154 11195 1927 1
8154 11825 1935 1
8144 12355 1944 1
8144 12805 1952 1
8144 13194 1961 1
8144 13474 1969 1
8144 13674 1977 1
8144 13794 1985 1
8144 13854 1994 1
8144 13874 2002 1
8134 13874 2010 1
6246 13144 2179 0
6246 13144 2195 1
6246 13154 2211 1
6246 13204 2219 1
6246 13304 2227 1
6246 13484 2235 1
6246 13734 2244 1
6246 14004 2252 1
6226 14264 2261 1
6206 14514 2277 1
6176 14724 2285 1
6146 14894 2294 1
6126 15014 2302 1
6106 15084 2310 1
6096 15134 2318 1
6086 15154 2327 1
6086 15164 2335 1
6086 15164 2343 1
6086 15164 2351 1
6096 15164 2360 1
6116 15164 2368 1
6196 15144 2377 1
6376 15094 2385 1
6625 15004 2394 1
6975 14884 2410 1
7365 14744 2418 1
7715 14624 2427 1
8064 14514 2435 1
8414 14404 2443 1
8714 14304 2451 1
9024 14194 2460 1
9324 14064 2468 1
9583 13944 2477 1
9813 13834 2486 1
10023 13734 2495 1
10203 13654 2502 1
10363 13594 2510 1
10493 13544 2518 1
10603 13514 2527 1
10982 12435 2645 0
10972 12435 2660 1
10972 12455 2677 1
10992 12515 2693 1
11042 12675 2701 1
11122 12935 2710 1
11212 13244 2718 1
11322 13624 2727 1
11422 13994 2735 1
11502 14344 2743 1
11572 14664 2751 1
11622 14964 2760 1
11642 15204 2768 1
11632 15414 2777 1
11582 15574 2785 1
11492 15713 2794 1
