2089 8736 0 0
2089 8736 30 1
2099 8736 38 1
2139 8726 46 1
2218 8696 53 1
2358 8656 60 1
2548 8606 76 1
2768 8546 84 1
2988 8486 93 1
3188 8436 101 1
3348 8396 110 1
3478 8366 118 1
3588 8356 126 1
3667 8356 134 1
3727 8366 143 1
3767 8386 151 1
3797 8416 160 1
3817 8506 168 1
3807 8646 177 1
3747 8836 194 1
3647 9076 202 1
3528 9306 211 1
3398 9526 219 1
3278 9726 227 1
3178 9896 235 1
3108 10026 243 1
3068 10136 251 1
3058 10216 260 1
3078 10276 268 1
3118 10316 277 1
3258 10376 288 1
3518 10426 299 1
3827 10426 310 1
4127 10396 319 1
4407 10366 328 1
4657 10336 336 1
4867 10316 344 1
5027 10316 352 1
5136 10326 361 1
5206 10356 369 1
5246 10386 377 1
5276 10446 385 1
5276 10575 394 1
5206 10785 402 1
5066 11035 411 1
4887 11295 419 1
4667 11575 427 1
4417 11865 438 1
4177 12125 449 1
3947 12355 460 1
3737 12555 468 1
3558 12725 476 1
3408 12865 485 1
3268 12985 494 1
3148 13065 503 1
3058 13115 513 1
2998 13134 521 1
2958 13144 531 1
2438 10296 684 0
2428 10296 709 1
2428 10316 717 1
2428 10406 726 1
2428 10585 734 1
2438 10835 743 1
2458 11135 751 1
2488 11475 759 1
2528 11855 767 1
2568 12225 776 1
2598 12625 784 1
2628 13035 793 1
2648 13434 801 1
2668 13854 810 1
2668 14224 818 1
2668 14574 826 1
2668 14884 834 1
2668 15144 843 1
2668 15364 851 1
2668 15544 859 1
2678 15683 876 1
2698 15803 890 1
5906 9756 1101 0
5916 9756 1122 1
5946 9756 1143 1
6016 9746 1152 1
6146 9726 1161 1
6336 9696 1177 1
6555 9676 1185 1
6775 9656 1193 1
6995 9636 1201 1
7185 9616 1209 1
7355 9606 1217 1
7495 9606 1226 1
7615 9616 1234 1
7715 9646 1243 1
7775 9676 1251 1
7805 9746 1259 1
4807 13474 1388 0
4807 13474 1397 1
4807 13474 1407 1
4817 13464 1416 1
4877 13454 1426 1
5017 13414 1443 1
5606 13184 1451 1
5996 13015 1459 1
6406 12835 1468 1
6785 12665 1476 1
7155 12495 1484 1
7505 12345 1493 1
7805 12225 1501 1
8044 12125 1510 1
8254 12045 1518 1
8414 11995 1526 1
8534 11965 1534 1
8604 11945 1543 1
8644 11925 1563 1
8664 11915 1574 1
6905 8516 1741 0
6895 8516 1760 1
6895 8526 1768 1
6895 8566 1776 1
6895 8686 1784 1
6905 8906 1793 1
6915 9216 1810 1
6925 9616 1818 1
6935 10056 1826 1
6945 10516 1834 1
6955 10965 1843 1
6965 11405 1851 1
6975 11835 1860 1
6975 12255 1868 1
6975 12685 1877 1
6975 13095 1885 1
6965 13474 1893 1
6955 13844 1901 1
6945 14154 1910 1
6925 14444 1926 1
6905 14684 1934 1
6885 14884 1943 1
6865 15064 1951 1
6845 15194 1960 1
6825 15294 1968 1
6805 15364 1976 1
6785 15404 1984 1
6765 15424 1994 1
5186 14074 2161 0
5176 14074 2176 1
5176 14074 2193 1
5176 14084 2201 1
5176 14114 2209 1
5176 14174 2217 1
5166 14284 2226 1
5146 14454 2235 1
5096 14674 2244 1
5037 14914 2252 1
4957 15144 2260 1
4857 15364 2268 1
4757 15564 2276 1
4667 15763 2284 1
4587 15923 2293 1
4527 16063 2304 1
4477 16173 2315 1
4437 16253 2326 1
4417 16323 2334 1
4407 16383 2343 1
4407 16423 2351 1
4417 16453 2359 1
4437 16473 2367 1
4497 16503 2376 1
4627 16513 2384 1
4817 16493 2393 1
5037 16443 2401 1
5336 16343 2410 1
5646 16213 2418 1
5956 16083 2427 1
6276 15953 2435 1
6585 15823 2443 1
6885 15703 2454 1
7185 15604 2465 1
7495 15504 2476 1
7775 15424 2486 1
8024 15354 2497 1
8264 15294 2503 1
8464 15244 2510 1
8634 15214 2518 1
8764 15194 2527 1
8854 15184 2535 1
8914 15184 2543 1
8944 15184 2551 1
8964 15174 2560 1
9174 13564 2732 0
9174 13564 2760 1
9174 13564 2768 1
9174 13584 2777 1
9184 13624 2785 1
9204 13714 2793 1
9224 13854 2801 1
9244 14034 2810 1
9264 14234 2818 1
9274 14434 2826 1
9284 14654 2834 1
9284 14884 2843 1
9264 15104 2860 1
9244 15324 2868 1
9224 15544 2876 1
9204 15763 2884 1
9194 15973 2893 1
9184 16173 2901 1
9184 16363 2910 1
9184 16523 2918 1
9194 16683 2927 1
9204 16813 2935 1
9214 16933 2943 1
9224 17023 2951 1
9234 17093 2960 1
9244 17153 2976 1
9254 17193 2992 1
