1869 5637 0 0
1869 5637 10 1
1869 5627 21 1
1879 5617 38 1
1939 5597 46 1
2099 5557 55 1
2368 5507 63 1
2748 5457 71 1
3138 5418 79 1
3568 5408 88 1
3967 5428 96 1
4337 5477 104 1
4667 5557 112 1
4947 5667 122 1
5146 5787 130 1
5296 5917 138 1
5426 6097 146 1
5516 6357 154 1
5536 6657 171 1
5466 6957 179 1
5326 7267 188 1
5116 7577 196 1
4877 7867 204 1
4617 8126 215 1
4357 8366 226 1
4127 8556 238 1
3947 8696 249 1
3737 8856 260 1
3687 8886 271 1
3667 8896 279 1
3657 8896 288 1
3667 8896 296 1
3747 8896 305 1
3917 8886 313 1
4137 8866 321 1
4397 8846 329 1
4667 8856 338 1
4917 8886 346 1
5136 8966 354 1
5336 9096 363 1
5496 9286 371 1
5666 9596 379 1
5786 9996 388 1
5826 10386 396 1
5796 10755 405 1
5706 11105 413 1
5586 11405 422 1
5416 11705 433 1
5216 11955 444 1
4987 12195 455 1
4737 12415 463 1
4447 12625 471 1
4147 12805 479 1
3877 12955 488 1
3617 13075 496 1
3388 13164 505 1
3188 13224 513 1
3038 13254 521 1
2918 13254 529 1
2838 13234 538 1
3258 8826 737 0
3248 8846 755 1
3248 8976 763 1
3238 9356 771 1
3238 9926 779 1
3238 10605 788 1
3248 11325 796 1
3278 12055 805 1
3308 12835 813 1
3328 13594 821 1
3358 14294 829 1
3388 14994 838 1
3428 15634 846 1
3458 16163 855 1
3488 16663 863 1
3518 17073 871 1
3548 17383 879 1
3568 17613 888 1
3578 17793 905 1
3588 17913 913 1
3598 17993 921 1
3607 18043 937 1
7954 8106 1197 0
7954 8096 1209 1
7964 8086 1222 1
8024 8056 1230 1
8194 7997 1239 1
8484 7917 1247 1
8844 7817 1255 1
9214 7727 1263 1
9583 7667 1272 1
9933 7617 1280 1
10253 7587 1288 1
10503 7567 1306 1
10703 7547 1314 1
10842 7537 1322 1
10932 7537 1330 1
10982 7537 1338 1
11012 7537 1358 1
5786 12335 1482 0
5786 12325 1521 1
5806 12315 1529 1
5936 12255 1538 1
6276 12105 1546 1
6775 11885 1555 1
7355 11625 1563 1
7994 11345 1571 1
8604 11095 1579 1
9244 10845 1588 1
9823 10625 1597 1
10353 10426 1606 1
10822 10256 1613 1
11252 10106 1621 1
11562 10006 1629 1
11812 9936 1638 1
12012 9896 1655 1
12162 9876 1663 1
12261 9866 1671 1
12311 9866 1679 1
12321 9866 1688 1
9523 6467 1844 0
9523 6467 1857 1
9523 6487 1871 1
9533 6567 1879 1
9553 6757 1888 1
9583 7077 1896 1
9593 7477 1904 1
9583 7937 1912 1
9543 8466 1921 1
9483 9076 1938 1
9423 9776 1946 1
9383 10496 1954 1
9344 11185 1962 1
9344 11835 1971 1
9354 12425 1979 1
9363 12945 1988 1
9373 13344 1996 1
9373 13674 2004 1
9373 13924 2012 1
9363 14104 2021 1
9354 14224 2029 1
9334 14304 2038 1
9314 14344 2046 1
9304 14364 2054 1
7495 13095 2186 0
7485 13095 2205 1
7475 13095 2213 1
7455 13134 2221 1
7415 13284 2229 1
7325 13584 2238 1
7225 13934 2246 1
7115 14264 2255 1
7005 14574 2263 1
6895 14844 2271 1
6805 15064 2282 1
6735 15244 2293 1
6685 15374 2305 1
6645 15484 2313 1
6625 15574 2322 1
6615 15644 2330 1
6625 15703 2339 1
6645 15763 2347 1
6685 15813 2355 1
6745 15873 2363 1
6875 15943 2371 1
7065 15993 2379 1
7325 16013 2388 1
7625 15983 2396 1
7974 15903 2404 1
8354 15793 2412 1
8714 15683 2421 1
9094 15564 2429 1
9453 15464 2438 1
9813 15374 2454 1
10173 15304 2462 1
10523 15244 2471 1
10852 15204 2479 1
11162 15184 2487 1
11422 15174 2495 1
11622 15174 2504 1
11782 15174 2521 1
11982 15164 2529 1
12032 15154 2538 1
12072 15134 2554 1
12022 12295 2692 0
12022 12295 2721 1
12022 12315 2729 1
12042 12385 2738 1
12082 12545 2746 1
12122 12765 2754 1
12162 13055 2762 1
12192 13374 2771 1
12202 13744 2779 1
12202 14144 2788 1
12202 14544 2796 1
12202 14944 2804 1
12212 15304 2812 1
12222 15664 2821 1
12241 15963 2829 1
12261 16213 2838 1
12271 16423 2854 1
12281 16593 2862 1
12291 16713 2871 1
12301 16803 2879 1
12301 16863 2888 1
12301 16893 2896 1
12301 16903 2904 1
12291 16903 2912 1
12281 16903 2921 1
