2149 5288 0 0
2149 5288 23 1
2149 5278 31 1
2168 5268 40 1
2278 5238 48 1
2558 5168 57 1
2998 5038 65 1
3578 4858 74 1
4217 4688 82 1
4797 4558 90 1
5376 4448 98 1
5846 4378 107 1
6186 4348 115 1
6416 4348 123 1
6565 4368 140 1
6645 4398 148 1
6675 4448 157 1
6665 4598 165 1
6565 4828 173 1
6366 5108 181 1
6126 5378 190 1
5906 5607 198 1
5716 5807 207 1
5576 5947 215 1
5476 6057 223 1
5416 6147 231 1
5386 6237 240 1
5396 6337 261 1
5456 6467 268 1
5566 6637 275 1
5706 6817 282 1
5846 7007 290 1
5966 7207 298 1
6046 7407 307 1
6076 7617 315 1
6046 7827 323 1
5946 8036 331 1
5786 8256 340 1
5586 8446 348 1
5276 8656 356 1
4937 8806 364 1
4577 8876 373 1
4217 8846 390 1
3907 8726 398 1
3627 8546 407 1
3388 8316 415 1
3158 8016 423 1
2988 7717 431 1
2888 7467 440 1
2848 7297 448 1
2838 7177 456 1
2848 7117 464 1
2858 7087 473 1
2888 7077 483 1
2938 7097 494 1
3038 7237 501 1
3208 7667 509 1
3358 8346 516 1
3458 9126 524 1
3528 9996 540 1
3578 10875 548 1
3617 11745 557 1
3657 12515 565 1
3687 13234 573 1
3707 13844 581 1
3727 14364 590 1
3747 14804 598 1
3767 15164 607 1
3787 15424 615 1
3807 15624 624 1
3827 15753 632 1
3847 15843 640 1
3857 15893 648 1
3867 15913 657 1
6785 8766 1088 0
6785 8756 1097 1
6805 8736 1107 1
6935 8676 1115 1
7285 8526 1124 1
7875 8326 1140 1
8474 8156 1150 1
9124 7997 1161 1
9713 7857 1168 1
10253 7727 1176 1
6056 11865 1309 0
6066 11855 1333 1
6196 11815 1357 1
6575 11705 1365 1
7215 11525 1374 1
7994 11335 1390 1
8844 11155 1398 1
9683 10995 1407 1
10423 10845 1415 1
11112 10695 1423 1
11672 10546 1431 1
12112 10416 1440 1
12431 10286 1448 1
12641 10166 1457 1
12761 10066 1476 1
8764 5917 1611 0
8754 5907 1625 1
8744 5897 1640 1
8734 5887 1648 1
8724 5887 1657 1
8714 5907 1665 1
8714 6037 1673 1
8724 6417 1681 1
8744 7027 1690 1
8744 7797 1698 1
8744 8596 1707 1
8734 9416 1715 1
8724 10216 1724 1
8724 10995 1732 1
8724 11675 1740 1
8734 12305 1749 1
8744 12865 1758 1
8754 13344 1765 1
8764 13774 1773 1
8764 14134 1784 1
8764 14434 1795 1
8764 14674 1807 1
8764 14864 1815 1
8754 15004 1823 1
8734 15114 1831 1
8714 15194 1840 1
6755 13124 1940 0
6745 13115 1956 1
6735 13115 1964 1
6725 13115 1973 1
6705 13124 1982 1
6665 13174 1991 1
6595 13314 1999 1
6495 13624 2007 1
6406 14054 2015 1
6336 14554 2023 1
6296 14984 2031 1
6286 15334 2040 1
6286 15624 2057 1
6296 15843 2065 1
6326 15993 2074 1
6366 16093 2083 1
6416 16153 2092 1
6525 16203 2099 1
6705 16223 2107 1
6995 16183 2115 1
7395 16063 2123 1
7895 15873 2132 1
8414 15664 2141 1
8984 15444 2150 1
9493 15244 2159 1
9993 15054 2169 1
10423 14894 2179 1
10783 14764 2190 1
11112 14654 2198 1
11382 14564 2207 1
11582 14504 2215 1
11722 14464 2223 1
11822 14434 2231 1
11882 14414 2240 1
11912 14404 2256 1
11542 12785 2348 0
11542 12785 2390 1
11542 12825 2398 1
11542 12945 2407 1
11542 13194 2415 1
11542 13594 2423 1
11522 14064 2431 1
11502 14564 2440 1
11472 15024 2457 1
11452 15434 2465 1
11432 15763 2473 1
11412 16023 2481 1
11402 16203 2490 1
11392 16333 2506 1
