2338 6017 0 0
2338 6007 8 1
2338 5997 16 1
2358 5967 24 1
2428 5907 32 1
2578 5797 41 1
2828 5657 51 1
3098 5527 65 1
3398 5398 73 1
3747 5278 82 1
4077 5178 90 1
4427 5088 98 1
4767 5038 106 1
5066 5008 115 1
5346 5008 123 1
5586 5018 132 1
5796 5058 143 1
5966 5108 154 1
6086 5158 164 1
6166 5208 174 1
6226 5278 185 1
6266 5408 192 1
6246 5607 200 1
6126 5867 207 1
5886 6217 215 1
5526 6617 223 1
5096 7067 232 1
4617 7517 240 1
4147 7947 248 1
3727 8346 259 1
3348 8696 270 1
3048 8986 282 1
2808 9226 290 1
2628 9416 298 1
2508 9556 306 1
2438 9646 314 1
2408 9696 322 1
2398 9716 331 1
2398 9716 339 1
2438 9696 348 1
2578 9616 356 1
2838 9476 364 1
3168 9296 372 1
3548 9106 381 1
3917 8956 389 1
4297 8816 398 1
4657 8706 406 1
4997 8626 415 1
5306 8596 423 1
5586 8606 431 1
5826 8646 448 1
6016 8716 456 1
6156 8806 464 1
6256 8906 472 1
6356 9076 481 1
6426 9306 489 1
6436 9556 497 1
6386 9856 505 1
6286 10166 514 1
6106 10486 522 1
5886 10805 531 1
5646 11135 539 1
5416 11405 547 1
5176 11635 555 1
4927 11855 564 1
4677 12045 581 1
4447 12195 589 1
4217 12325 598 1
4007 12425 606 1
3837 12485 615 1
3687 12515 623 1
3558 12525 631 1
3438 12505 639 1
3318 12465 648 1
2758 7857 864 0
2748 7857 875 1
2738 7897 886 1
2738 8056 898 1
2728 8366 906 1
2728 8826 914 1
2728 9336 922 1
2728 9936 931 1
2738 10565 939 1
2758 11255 948 1
2808 11985 956 1
2878 12715 965 1
2978 13394 973 1
3088 13994 981 1
3198 14554 989 1
3288 15054 998 1
3358 15484 1014 1
3408 15873 1022 1
3438 16203 1031 1
3458 16483 1039 1
3458 16733 1048 1
3458 16933 1059 1
3458 17113 1071 1
3458 17253 1078 1
3458 17363 1085 1
3458 17443 1092 1
3458 17503 1099 1
3458 17543 1110 1
3458 17563 1121 1
3458 17573 1132 1
3458 17573 1142 1
3458 17573 1152 1
3458 17573 1163 1
7715 7987 1605 0
7715 7977 1614 1
7725 7957 1623 1
7825 7887 1632 1
8104 7727 1640 1
8544 7507 1649 1
9054 7287 1657 1
9533 7097 1665 1
10023 6937 1673 1
10453 6807 1681 1
10852 6707 1698 1
11212 6617 1706 1
11492 6557 1715 1
11702 6527 1723 1
11862 6507 1731 1
11972 6497 1739 1
12052 6497 1748 1
12102 6507 1756 1
12122 6517 1765 1
5906 11405 1911 0
5906 11395 1920 1
5916 11385 1929 1
5986 11355 1938 1
6226 11255 1947 1
6625 11085 1964 1
7155 10875 1972 1
7725 10645 1981 1
8294 10406 1989 1
8874 10156 1998 1
9433 9936 2008 1
9973 9726 2019 1
10483 9526 2028 1
10962 9346 2038 1
11382 9206 2048 1
11712 9096 2059 1
12241 8956 2070 1
12421 8916 2081 1
12541 8896 2089 1
12621 8896 2098 1
12661 8896 2106 1
12671 8896 2114 1
12671 8896 2127 1
9823 5887 2284 0
9823 5887 2294 1
9823 5907 2304 1
9813 5997 2315 1
9793 6247 2323 1
9773 6637 2331 1
9733 7107 2339 1
9683 7587 2348 1
9623 8116 2356 1
9563 8686 2365 1
9503 9266 2381 1
9453 9866 2389 1
9423 10456 2398 1
9403 11025 2406 1
9403 11555 2414 1
9403 12055 2424 1
9403 12465 2434 1
9393 12825 2441 1
9383 13115 2448 1
9363 13344 2456 1
9344 13514 2464 1
9324 13634 2481 1
9304 13714 2489 1
9284 13754 2498 1
9264 13774 2506 1
9244 13774 2515 1
7105 11985 2642 0
7095 11985 2654 1
7085 12005 2667 1
7055 12105 2675 1
6985 12315 2684 1
6865 12625 2691 1
6725 12985 2698 1
6575 13334 2706 1
6426 13714 2714 1
6296 14044 2724 1
6186 14344 2735 1
6106 14594 2749 1
6036 14824 2756 1
5996 15024 2764 1
5986 15184 2772 1
5996 15304 2781 1
6026 15394 2789 1
6076 15454 2797 1
6186 15524 2805 1
6406 15594 2814 1
6705 15604 2822 1
7085 15554 2831 1
7475 15454 2839 1
7895 15304 2848 1
8324 15104 2856 1
8714 14904 2864 1
9134 14694 2881 1
9513 14514 2889 1
9893 14354 2897 1
10273 14224 2905 1
10643 14124 2914 1
11002 14064 2922 1
11322 14054 2931 1
11602 14064 2939 1
11822 14094 2947 1
12002 14134 2955 1
12132 14174 2964 1
12222 14204 2972 1
12281 14224 2981 1
12311 14234 2989 1
12321 14234 2998 1
12321 14234 3006 1
12321 14234 3014 1
12361 11365 3185 0
12361 11365 3195 1
12361 11365 3205 1
12371 11395 3215 1
12401 11495 3223 1
12441 11735 3231 1
12481 12055 3239 1
12501 12455 3248 1
12511 12885 3256 1
12491 13304 3264 1
12451 13734 3281 1
12421 14154 3289 1
12391 14564 3298 1
12361 14934 3306 1
12341 15264 3314 1
12331 15574 3322 1
12331 15863 3331 1
12341 16083 3339 1
12351 16243 3348 1
12361 16363 3356 1
12371 16453 3365 1
12371 16513 3373 1
12371 16553 3381 1
12371 16573 3389 1
12371 16573 3398 1
12371 16563 3414 1
12361 16553 3431 1
