1669 7577 0 0
1659 7567 12 1
1649 7557 25 1
1649 7547 38 1
1649 7537 46 1
1659 7517 54 1
1749 7477 62 1
1959 7397 71 1
2258 7297 80 1
2638 7187 89 1
2988 7077 99 1
3288 6987 108 1
3528 6917 118 1
3717 6857 126 1
3857 6827 134 1
3957 6807 142 1
4017 6797 151 1
4057 6797 159 1
4077 6807 168 1
4087 6817 185 1
4097 6857 193 1
4087 6957 201 1
4027 7177 209 1
3907 7497 218 1
3767 7887 226 1
3627 8256 234 1
3518 8576 242 1
3438 8866 251 1
3388 9116 259 1
3368 9316 267 1
3378 9476 275 1
3418 9606 284 1
3488 9716 292 1
3578 9806 301 1
3737 9926 318 1
3947 10056 326 1
4157 10176 334 1
4357 10306 342 1
4567 10446 351 1
4757 10605 359 1
4947 10825 368 1
5106 11155 376 1
5176 11545 385 1
5156 11955 393 1
5046 12365 401 1
4877 12765 409 1
4667 13124 417 1
4427 13434 425 1
4177 13694 434 1
3917 13924 451 1
3617 14124 459 1
3308 14284 468 1
3018 14374 476 1
2758 14404 484 1
2498 14364 492 1
2258 14254 501 1
2069 14104 509 1
1879 13854 518 1
1709 13474 526 1
1609 13055 535 1
1559 12595 543 1
1559 12175 551 1
1579 11765 559 1
1619 11415 568 1
1669 11105 585 1
1719 10875 593 1
1759 10705 601 1
1789 10585 610 1
1809 10516 620 1
1819 10476 627 1
1819 10456 635 1
1819 10446 643 1
1819 10446 651 1
1829 10466 662 1
1839 10506 673 1
1849 10565 684 1
1869 10675 695 1
1899 10855 706 1
1949 11105 718 1
2009 11415 726 1
2079 11785 734 1
2159 12165 742 1
2248 12585 751 1
2328 13005 759 1
2398 13404 768 1
2458 13804 776 1
2508 14174 784 1
2548 14534 792 1
2588 14874 801 1
2618 15174 809 1
2648 15424 818 1
2668 15664 826 1
2688 15883 834 1
2708 16053 842 1
2728 16183 851 1
2748 16293 868 1
2758 16373 876 1
2768 16433 884 1
2778 16483 892 1
2788 16513 901 1
2788 16533 909 1
2788 16543 918 1
2788 16553 926 1
2788 16553 935 1
2788 16553 943 1
2798 16543 951 1
5856 9126 1260 0
5856 9116 1272 1
5856 9106 1284 1
5896 9096 1292 1
6056 9056 1301 1
6416 8976 1309 1
6895 8856 1318 1
7435 8696 1326 1
8004 8526 1334 1
8524 8366 1342 1
8984 8216 1351 1
9373 8096 1359 1
9653 8016 1368 1
9833 7967 1376 1
9943 7937 1384 1
10003 7927 1392 1
10023 7927 1401 1
10023 7927 1431 1
5246 12665 1573 0
5246 12655 1601 1
5266 12635 1609 1
5376 12565 1618 1
5646 12405 1626 1
6086 12165 1634 1
6565 11905 1642 1
7075 11625 1651 1
7565 11355 1659 1
8014 11115 1668 1
8454 10895 1687 1
8804 10725 1694 1
9104 10575 1701 1
9354 10466 1709 1
9563 10386 1718 1
9713 10336 1726 1
9823 10296 1734 1
9893 10276 1742 1
9933 10266 1751 1
9953 10266 1759 1
9963 10266 1768 1
9963 10266 1776 1
9963 10266 1784 1
7465 6337 1953 0
7455 6327 1968 1
7445 6317 1984 1
7435 6307 1992 1
7435 6307 2001 1
7435 6337 2009 1
7465 6447 2018 1
7535 6677 2026 1
7645 7067 2034 1
7755 7527 2042 1
7855 8066 2051 1
7924 8636 2068 1
7964 9226 2076 1
7984 9796 2084 1
7984 10376 2092 1
7974 10935 2101 1
7954 11455 2109 1
7934 11995 2118 1
7934 12515 2126 1
7934 13025 2134 1
7934 13474 2142 1
7934 13864 2151 1
7944 14194 2159 1
7954 14464 2168 1
7964 14664 2176 1
7974 14824 2184 1
7984 14934 2192 1
7984 15004 2201 1
7984 15044 2217 1
7984 15054 2225 1
7984 15054 2234 1
6166 13035 2361 0
6156 13035 2384 1
6146 13035 2392 1
6136 13045 2401 1
6126 13075 2409 1
6116 13164 2418 1
6116 13344 2426 1
6116 13634 2434 1
6126 13984 2442 1
6146 14384 2451 1
6166 14764 2468 1
6196 15074 2476 1
6236 15354 2484 1
6286 15554 2492 1
6346 15703 2501 1
6426 15813 2509 1
6545 15903 2517 1
6725 15973 2526 1
6975 16003 2534 1
7325 15963 2542 1
7705 15853 2551 1
8164 15674 2559 1
8644 15414 2568 1
9204 15094 2579 1
9713 14764 2590 1
10213 14424 2601 1
10633 14114 2609 1
10992 13834 2618 1
11302 13604 2626 1
11532 13424 2635 1
11692 13294 2643 1
11802 13204 2651 1
11862 13144 2659 1
11902 13105 2668 1
11912 13085 2676 1
11912 13075 2684 1
11912 13065 2692 1
11902 13065 2701 1
11892 13065 2709 1
11882 13065 2718 1
11862 13065 2726 1
11822 13075 2734 1
10113 11555 2830 0
10103 11545 2851 1
10093 11535 2868 1
10083 11525 2876 1
10073 11525 2885 1
10073 11525 2893 1
10073 11525 2901 1
10073 11535 2918 1
10073 11565 2926 1
10073 11615 2935 1
10083 11715 2943 1
10103 11875 2951 1
10123 12095 2959 1
10153 12345 2968 1
10183 12655 2976 1
10223 12995 2984 1
10273 13374 3001 1
10323 13754 3009 1
10373 14124 3018 1
10413 14504 3026 1
10453 14854 3034 1
10493 15154 3042 1
10523 15404 3051 1
10553 15624 3059 1
10583 15813 3068 1
10603 15973 3076 1
10613 16093 3084 1
10623 16183 3092 1
10633 16253 3101 1
10643 16313 3109 1
10653 16363 3118 1
10653 16403 3134 1
10663 16433 3142 1
10663 16463 3151 1
10663 16483 3161 1
10673 16513 3171 1
10683 16543 3183 1
