2948 6967 0 0
2948 6957 19 1
2948 6947 38 1
2958 6937 46 1
2998 6927 55 1
3088 6907 63 1
3218 6867 71 1
3388 6827 79 1
3588 6777 88 1
3797 6717 96 1
3997 6667 105 1
4157 6627 113 1
4287 6587 121 1
4397 6557 129 1
4477 6537 138 1
4527 6527 146 1
4567 6517 155 1
4587 6517 171 1
4597 6517 188 1
4597 6527 196 1
4597 6547 204 1
4577 6607 212 1
4527 6717 221 1
4437 6897 229 1
4297 7097 238 1
4127 7327 246 1
3947 7567 255 1
3787 7767 263 1
3647 7957 271 1
3538 8116 279 1
3448 8246 288 1
3388 8356 304 1
3348 8446 312 1
3318 8526 321 1
3308 8586 329 1
3308 8636 338 1
3328 8686 346 1
3368 8736 355 1
3428 8786 362 1
3548 8856 370 1
3727 8926 380 1
3917 8996 390 1
4107 9056 401 1
4297 9126 411 1
4487 9196 422 1
4677 9276 430 1
4837 9366 438 1
4977 9456 446 1
5086 9556 454 1
5196 9686 462 1
5296 9846 470 1
5376 10046 478 1
5426 10266 487 1
5446 10486 495 1
5436 10725 504 1
5396 10975 512 1
5326 11215 520 1
5226 11435 528 1
5106 11635 537 1
4977 11815 545 1
4847 11975 554 1
4727 12105 570 1
4617 12205 578 1
4497 12295 587 1
4377 12365 597 1
4257 12405 607 1
4137 12425 614 1
4027 12415 621 1
3927 12375 629 1
3827 12315 637 1
3737 12235 645 1
3647 12125 654 1
3548 11985 662 1
3448 11815 670 1
3358 11625 680 1
3278 11435 692 1
3198 11255 701 1
3138 11095 710 1
3078 10935 720 1
3028 10795 728 1
2988 10665 737 1
2948 10556 745 1
2918 10476 754 1
2888 10406 762 1
2868 10356 771 1
2858 10326 779 1
2848 10306 788 1
2838 10296 796 1
2828 10286 804 1
2818 10276 821 1
2818 10276 829 1
2818 10296 837 1
2828 10356 854 1
2848 10446 862 1
2878 10575 871 1
2918 10775 879 1
2978 11025 887 1
3028 11325 895 1
3088 11685 904 1
3128 12075 912 1
3158 12505 921 1
3188 12925 929 1
3198 13334 937 1
3218 13704 945 1
3228 14064 954 1
3248 14384 965 1
3268 14684 976 1
3278 14964 987 1
3288 15204 995 1
3308 15424 1004 1
3328 15614 1012 1
3338 15793 1021 1
3348 15943 1029 1
3368 16073 1037 1
3378 16183 1046 1
3388 16273 1055 1
3398 16343 1062 1
3408 16393 1070 1
3408 16433 1078 1
3408 16453 1087 1
3408 16473 1095 1
3408 16483 1104 1
3408 16483 1137 1
5936 9496 1710 0
5936 9486 1723 1
5946 9476 1737 1
5996 9456 1745 1
6136 9416 1754 1
6396 9346 1762 1
6715 9256 1771 1
7095 9146 1787 1
7475 9036 1795 1
7825 8926 1804 1
8154 8816 1812 1
8454 8706 1820 1
8674 8616 1828 1
8844 8536 1837 1
8964 8486 1845 1
9034 8446 1854 1
9084 8426 1862 1
9114 8416 1871 1
9124 8416 1879 1
9124 8416 1887 1
5396 11735 2014 0
5386 11735 2027 1
5376 11735 2040 1
5366 11735 2054 1
5356 11735 2071 1
5356 11735 2087 1
5366 11725 2095 1
5426 11705 2104 1
5596 11645 2112 1
5836 11545 2121 1
6146 11405 2129 1
6485 11255 2137 1
6805 11095 2145 1
7135 10935 2154 1
7445 10785 2171 1
7715 10655 2179 1
7934 10536 2187 1
8114 10436 2195 1
8264 10356 2204 1
8394 10296 2212 1
8494 10256 2220 1
8574 10226 2228 1
8634 10196 2237 1
8684 10176 2245 1
8724 10166 2254 1
8754 10156 2262 1
8774 10146 2271 1
8784 10146 2287 1
8784 10146 2304 1
8784 10146 2321 1
8784 10146 2334 1
7065 7547 2479 0
7065 7537 2507 1
7065 7527 2513 1
7065 7517 2520 1
7065 7517 2537 1
7065 7527 2545 1
7075 7587 2554 1
7105 7717 2571 1
7145 7917 2579 1
7205 8196 2587 1
7265 8496 2595 1
7325 8846 2604 1
7395 9216 2612 1
7455 9586 2621 1
7505 9976 2629 1
7545 10376 2638 1
7585 10805 2646 1
7625 11245 2654 1
7645 11685 2662 1
7665 12115 2671 1
7685 12555 2679 1
7695 12965 2687 1
7695 13324 2695 1
7695 13654 2704 1
7685 13944 2720 1
7675 14174 2728 1
7665 14354 2737 1
7645 14484 2745 1
7635 14564 2754 1
7625 14614 2762 1
7615 14644 2770 1
7605 14654 2778 1
7595 14654 2787 1
5646 12675 2927 0
5636 12675 2936 1
5626 12675 2945 1
5616 12675 2954 1
5606 12675 2971 1
5596 12675 2979 1
5586 12675 2987 1
5576 12695 2995 1
5566 12755 3004 1
5556 12915 3012 1
5566 13134 3020 1
5576 13394 3028 1
5596 13694 3037 1
5616 13984 3045 1
5626 14244 3054 1
5656 14484 3062 1
5686 14694 3070 1
5726 14874 3078 1
5776 15014 3087 1
5836 15124 3104 1
5896 15214 3112 1
5966 15284 3121 1
6076 15354 3129 1
6236 15414 3137 1
6456 15454 3145 1
6705 15454 3154 1
7005 15404 3162 1
7365 15284 3171 1
7715 15114 3179 1
8094 14904 3187 1
8454 14694 3195 1
8764 14474 3204 1
9044 14274 3212 1
9284 14094 3221 1
9473 13954 3237 1
9613 13844 3245 1
9723 13764 3254 1
9793 13714 3262 1
9833 13684 3271 1
9863 13664 3279 1
9873 13654 3288 1
9873 13644 3307 1
9873 13644 3324 1
9683 11735 3448 0
9683 11735 3487 1
9673 11735 3504 1
9673 11745 3521 1
9673 11765 3529 1
9683 11835 3537 1
9703 11965 3545 1
9733 12145 3554 1
9763 12365 3562 1
9793 12615 3571 1
9823 12905 3579 1
9853 13174 3587 1
9873 13434 3595 1
9903 13694 3604 1
9923 13964 3612 1
9943 14214 3621 1
9963 14454 3637 1
9973 14674 3645 1
9993 14894 3654 1
10013 15094 3662 1
10023 15264 3671 1
10033 15424 3679 1
10043 15554 3687 1
10043 15683 3695 1
10043 15793 3704 1
10043 15873 3712 1
10043 15933 3720 1
10043 15983 3728 1
10043 16023 3737 1
10043 16043 3745 1
10053 16083 3754 1
