2478 6407 0 0
2478 6407 13 1
2478 6407 26 1
2478 6407 40 1
2488 6397 47 1
2508 6387 55 1
2568 6367 63 1
2698 6327 71 1
2888 6267 82 1
3098 6187 93 1
3318 6097 103 1
3548 5997 114 1
3797 5897 125 1
4017 5807 132 1
4227 5727 140 1
4427 5657 147 1
4607 5597 155 1
4767 5557 163 1
4897 5527 172 1
4997 5517 180 1
5056 5527 188 1
5096 5547 197 1
5116 5577 206 1
5126 5647 214 1
5106 5767 222 1
5037 5927 230 1
4937 6097 238 1
4817 6277 246 1
4707 6457 255 1
4607 6627 272 1
4537 6787 280 1
4487 6917 288 1
4457 7027 296 1
4447 7117 305 1
4457 7197 313 1
4487 7267 322 1
4537 7327 330 1
4637 7407 339 1
4787 7497 347 1
4967 7587 356 1
5146 7667 364 1
5346 7747 372 1
5526 7827 383 1
5696 7907 394 1
5836 7987 406 1
5946 8066 414 1
6036 8176 422 1
6116 8326 430 1
6176 8506 439 1
6186 8906 450 1
6136 9106 461 1
6046 9306 472 1
5926 9496 480 1
5806 9656 489 1
5686 9786 497 1
5576 9886 505 1
5456 9966 513 1
5316 10036 522 1
5146 10096 530 1
4977 10146 538 1
4817 10176 555 1
4667 10196 563 1
4527 10206 572 1
4397 10206 580 1
4267 10196 589 1
4157 10176 597 1
4057 10136 606 1
3967 10086 614 1
3897 10016 622 1
3817 9906 630 1
3727 9736 639 1
3637 9546 647 1
3568 9356 655 1
3498 9166 663 1
3428 8976 672 1
3358 8796 689 1
3298 8626 697 1
3248 8476 705 1
3198 8346 713 1
3158 8246 722 1
3118 8166 730 1
3088 8106 738 1
3068 8066 747 1
3058 8046 756 1
3048 8036 764 1
3038 8036 772 1
3028 8046 780 1
3028 8106 789 1
3038 8256 797 1
3078 8476 805 1
3138 8766 822 1
3228 9116 830 1
3328 9486 839 1
3428 9926 847 1
3528 10396 855 1
3627 10925 865 1
3727 11505 875 1
3817 12115 881 1
3897 12795 888 1
3957 13394 896 1
4017 14024 905 1
4057 14584 913 1
4097 15094 922 1
4147 15534 930 1
4197 15933 939 1
4247 16293 955 1
4297 16623 963 1
4347 16913 972 1
4387 17133 980 1
4417 17293 988 1
4437 17403 996 1
4447 17473 1005 1
4447 17493 1013 1
4447 17493 1022 1
7555 8056 1313 0
7555 8046 1326 1
7585 8026 1339 1
7685 7987 1347 1
7915 7927 1355 1
8254 7857 1372 1
8604 7797 1380 1
8984 7767 1389 1
9324 7747 1397 1
9593 7747 1406 1
9823 7757 1414 1
10023 7777 1422 1
10183 7807 1430 1
10323 7837 1439 1
5676 11985 1601 0
5676 11975 1622 1
5716 11955 1639 1
5846 11915 1647 1
6156 11815 1655 1
6585 11675 1663 1
7095 11505 1672 1
7595 11345 1680 1
8124 11185 1689 1
8614 11045 1697 1
9114 10915 1705 1
9543 10805 1713 1
9933 10705 1722 1
10283 10615 1730 1
10563 10526 1739 1
10773 10456 1747 1
10932 10396 1756 1
11052 10356 1764 1
11132 10326 1772 1
11182 10306 1789 1
11212 10296 1802 1
8694 7367 2002 0
8684 7367 2011 1
8674 7397 2020 1
8644 7507 2029 1
8594 7767 2039 1
8534 8196 2047 1
8504 8716 2055 1
8474 9296 2063 1
8454 9936 2072 1
8444 10565 2080 1
8444 11175 2089 1
8464 11775 2097 1
8494 12355 2105 1
8544 12875 2113 1
8584 13344 2122 1
8624 13744 2139 1
8654 14074 2149 1
8684 14334 2159 1
8704 14514 2167 1
8714 14624 2176 1
8714 14674 2182 1
8704 14694 2189 1
6685 13055 2352 0
6665 13065 2372 1
6645 13124 2380 1
6625 13264 2389 1
6585 13534 2405 1
6545 13874 2413 1
6505 14224 2422 1
6456 14584 2430 1
6406 14914 2439 1
6366 15184 2449 1
6336 15384 2459 1
6306 15534 2466 1
6286 15644 2473 1
6276 15713 2481 1
6276 15763 2489 1
6276 15783 2497 1
6276 15793 2506 1
6306 15803 2514 1
6406 15803 2522 1
6595 15763 2539 1
6855 15703 2547 1
7205 15604 2556 1
7565 15494 2564 1
7994 15344 2572 1
8414 15164 2580 1
8834 14964 2589 1
9244 14774 2597 1
9583 14614 2605 1
9883 14474 2613 1
10133 14374 2622 1
10323 14304 2630 1
10463 14254 2639 1
10563 14224 2647 1
10623 14204 2655 1
10663 14184 2672 1
11222 12795 2783 0
11222 12795 2795 1
11222 12795 2808 1
11232 12825 2818 1
11282 12915 2828 1
11362 13095 2839 1
11472 13354 2847 1
11572 13694 2856 1
11662 14054 2864 1
11722 14404 2872 1
11762 14764 2880 1
11782 15064 2889 1
11802 15344 2897 1
11812 15564 2905 1
11822 15733 2913 1
11842 15873 2922 1
