1849 5837 0 0
1849 5827 10 1
1849 5817 20 1
1849 5797 30 1
1859 5747 38 1
1899 5677 47 1
1989 5577 55 1
2159 5428 64 1
2408 5258 72 1
2738 5078 80 1
3078 4928 89 1
3428 4808 98 1
3777 4718 106 1
4087 4658 114 1
4387 4628 122 1
4687 4628 131 1
4937 4658 139 1
5136 4708 147 1
5296 4778 155 1
5416 4868 164 1
5516 4998 172 1
5596 5198 180 1
5616 5497 197 1
5546 5807 205 1
5376 6167 214 1
5126 6547 223 1
4847 6897 232 1
4547 7227 239 1
4237 7537 247 1
3957 7807 255 1
3697 8036 264 1
3478 8236 272 1
3278 8396 280 1
3118 8526 288 1
2998 8616 297 1
2928 8666 305 1
2878 8696 313 1
2848 8706 330 1
2838 8706 338 1
2838 8696 347 1
2898 8636 355 1
3078 8496 363 1
3358 8316 371 1
3687 8126 380 1
4007 7977 388 1
4307 7847 397 1
4617 7747 405 1
4897 7697 414 1
5146 7697 422 1
5366 7727 430 1
5566 7797 438 1
5746 7897 447 1
5886 8006 464 1
6016 8186 472 1
6116 8406 480 1
6176 8646 488 1
6186 8896 497 1
6126 9176 505 1
5996 9466 513 1
5806 9766 521 1
5566 10096 530 1
5286 10416 538 1
4997 10705 547 1
4687 10985 555 1
4377 11225 564 1
4067 11435 572 1
3807 11585 580 1
3568 11705 598 1
3328 11795 605 1
3098 11845 613 1
2908 11855 621 1
2738 11845 630 1
2588 11815 638 1
2438 11765 647 1
2298 11705 655 1
2168 11635 663 1
2059 11565 671 1
1969 11495 680 1
1889 11425 688 1
1819 11355 697 1
1759 11285 713 1
2238 6727 917 0
2228 6727 932 1
2218 6737 947 1
2208 6787 955 1
2198 6917 963 1
2178 7197 971 1
2159 7587 980 1
2139 8066 988 1
2129 8586 997 1
2109 9176 1005 1
2089 9826 1013 1
2069 10516 1021 1
2049 11235 1031 1
2019 11955 1040 1
1999 12655 1050 1
1979 13284 1060 1
1959 13924 1070 1
1949 14454 1080 1
1929 14964 1089 1
1919 15394 1098 1
1919 15763 1107 1
1919 16063 1116 1
1929 16293 1124 1
1929 16473 1132 1
1939 16593 1140 1
1939 16683 1149 1
1949 16743 1161 1
1949 16773 1173 1
1949 16783 1185 1
1949 16783 1193 1
1949 16773 1201 1
1949 16763 1210 1
7125 6277 1466 0
7135 6277 1500 1
7175 6287 1507 1
7305 6307 1515 1
7505 6337 1523 1
7765 6367 1531 1
8084 6377 1542 1
8424 6377 1553 1
8764 6357 1564 1
9124 6317 1572 1
9443 6277 1580 1
9743 6237 1588 1
10023 6197 1597 1
10273 6157 1605 1
10473 6127 1613 1
10633 6107 1621 1
10753 6087 1630 1
10842 6077 1638 1
10902 6077 1647 1
10932 6077 1655 1
10942 6087 1663 1
5756 10446 1784 0
5756 10446 1813 1
5756 10446 1821 1
5756 10446 1830 1
5776 10436 1839 1
5866 10406 1848 1
6096 10326 1855 1
6485 10186 1863 1
6965 10026 1872 1
7475 9866 1883 1
8014 9696 1891 1
8534 9516 1900 1
9074 9346 1907 1
9573 9196 1915 1
10063 9056 1931 1
10493 8936 1939 1
10872 8826 1947 1
11202 8746 1955 1
11452 8686 1963 1
11652 8636 1971 1
11792 8606 1980 1
11882 8576 1988 1
11942 8566 1997 1
11972 8556 2005 1
11982 8546 2013 1
11982 8536 2021 1
11982 8526 2030 1
11972 8516 2038 1
11952 8506 2047 1
9403 5048 2159 0
9393 5048 2169 1
9383 5048 2180 1
9373 5048 2188 1
9363 5048 2197 1
9354 5058 2213 1
9334 5138 2223 1
9314 5338 2233 1
9294 5697 2240 1
9284 6157 2247 1
9284 6667 2255 1
9284 7247 2263 1
9284 7857 2272 1
9274 8496 2281 1
9254 9186 2289 1
9224 9846 2297 1
9184 10546 2305 1
9124 11225 2314 1
9064 11905 2330 1
9004 12495 2338 1
8944 13065 2347 1
8884 13544 2357 1
8824 13964 2367 1
8754 14274 2373 1
8694 14504 2380 1
8644 14664 2388 1
8604 14754 2396 1
8574 14794 2404 1
8554 14804 2413 1
8534 14804 2431 1
7105 11655 2553 0
7095 11655 2568 1
7085 11675 2584 1
7045 11775 2601 1
6955 12025 2607 1
6815 12415 2613 1
6645 12875 2621 1
6456 13374 2630 1
6296 13864 2641 1
6136 14334 2652 1
5996 14784 2660 1
5886 15144 2668 1
5806 15454 2676 1
5756 15693 2684 1
5726 15873 2692 1
5716 15993 2700 1
5716 16063 2708 1
5726 16113 2717 1
5746 16133 2736 1
5786 16153 2742 1
5886 16153 2749 1
6066 16113 2756 1
6346 16003 2763 1
6665 15853 2772 1
7045 15674 2781 1
7445 15504 2789 1
7855 15324 2797 1
8274 15144 2805 1
8674 14974 2814 1
9084 14824 2822 1
9463 14704 2831 1
9823 14604 2840 1
10173 14524 2849 1
10473 14474 2859 1
10733 14444 2869 1
10972 14424 2880 1
11172 14424 2888 1
11332 14434 2897 1
11452 14444 2905 1
11532 14454 2914 1
11582 14464 2922 1
11602 14464 2930 1
11612 14464 2946 1
11772 10695 3101 0
11762 10695 3115 1
11762 10695 3130 1
11762 10715 3138 1
11772 10795 3147 1
11812 10985 3155 1
11882 11275 3164 1
11972 11665 3174 1
12062 12095 3184 1
12142 12585 3190 1
12232 13085 3197 1
12311 13644 3205 1
12381 14164 3214 1
12441 14694 3223 1
12491 15154 3232 1
12531 15594 3240 1
12551 15963 3248 1
12571 16243 3256 1
12581 16453 3264 1
12591 16613 3272 1
12601 16723 3280 1
12601 16793 3297 1
12601 16843 3305 1
12601 16863 3313 1
12601 16873 3322 1
12601 16873 3330 1
12601 16863 3338 1
12601 16833 3347 1
