1459 4968 0 0
1459 4968 17 1
1479 4958 34 1
1559 4938 43 1
1769 4878 53 1
2069 4788 63 1
2368 4688 73 1
2708 4578 80 1
3018 4478 87 1
3288 4388 94 1
3518 4318 101 1
3727 4268 111 1
3897 4248 121 1
4017 4248 132 1
4097 4268 140 1
4137 4298 148 1
4167 4378 156 1
4147 4558 165 1
4047 4808 173 1
3917 5068 181 1
3777 5318 189 1
3657 5527 198 1
3568 5687 206 1
3518 5797 215 1
3488 5867 223 1
3478 5917 232 1
3488 5937 243 1
3538 5967 254 1
3657 6007 265 1
3837 6047 273 1
4007 6097 281 1
4147 6147 289 1
4257 6197 298 1
4337 6247 306 1
4397 6317 315 1
4447 6447 323 1
4457 6617 331 1
4417 6807 339 1
4327 7007 348 1
4197 7207 356 1
4047 7377 365 1
3897 7517 381 1
3707 7657 389 1
3498 7767 398 1
3298 7837 407 1
3108 7867 416 1
2958 7867 424 1
2848 7837 433 1
2768 7787 441 1
2708 7727 449 1
2648 7647 457 1
2608 7567 465 1
2578 7487 473 1
2558 7417 482 1
2548 7357 491 1
2548 7317 500 1
2548 7287 519 1
2658 5408 840 0
2658 5408 866 1
2658 5408 882 1
2658 5418 890 1
2668 5477 899 1
2688 5637 907 1
2718 5887 915 1
2758 6277 923 1
2808 6717 931 1
2848 7207 942 1
2898 7677 954 1
2968 8176 966 1
3038 8666 974 1
3098 9186 982 1
3158 9686 990 1
3208 10186 998 1
3258 10665 1006 1
3298 11135 1015 1
3338 11585 1023 1
3378 12055 1031 1
3408 12445 1039 1
3428 12795 1048 1
3448 13095 1056 1
3468 13344 1064 1
3488 13534 1073 1
3498 13664 1081 1
3508 13754 1089 1
3518 13804 1098 1
3518 13834 1114 1
3518 13844 1131 1
3518 13844 1148 1
5316 7387 1537 0
5316 7377 1550 1
5316 7367 1564 1
5336 7347 1572 1
5466 7297 1581 1
5736 7207 1598 1
6146 7087 1606 1
6565 6967 1614 1
6955 6847 1622 1
7325 6727 1631 1
7625 6627 1639 1
7855 6547 1648 1
8014 6487 1656 1
8114 6447 1665 1
8164 6427 1673 1
8184 6417 1681 1
8184 6417 1689 1
8144 6447 1698 1
4377 9586 1772 0
4367 9586 1785 1
4357 9586 1798 1
4347 9586 1806 1
4337 9586 1815 1
4337 9576 1823 1
4367 9556 1831 1
4527 9496 1839 1
4847 9376 1848 1
5336 9206 1865 1
5866 9036 1873 1
6456 8846 1881 1
7045 8666 1889 1
7575 8506 1898 1
8044 8366 1906 1
8454 8246 1915 1
8754 8156 1923 1
8974 8086 1931 1
9114 8046 1940 1
9214 8016 1949 1
9264 8006 1957 1
9284 7997 1965 1
9284 7997 1981 1
6695 4668 2139 0
6685 4668 2165 1
6685 4698 2173 1
6675 4858 2181 1
6655 5278 2189 1
6615 5817 2198 1
6585 6457 2206 1
6555 7137 2215 1
6535 7817 2223 1
6525 8506 2231 1
6515 9196 2239 1
6515 9876 2248 1
6515 10506 2256 1
6535 11085 2265 1
6555 11565 2281 1
6575 11945 2289 1
6595 12225 2298 1
6615 12425 2306 1
6625 12555 2315 1
6635 12635 2323 1
6645 12685 2331 1
6645 12705 2341 1
6645 12715 2351 1
6645 12715 2368 1
5027 10915 2476 0
5027 10915 2498 1
5017 10915 2506 1
5007 10925 2515 1
5007 10965 2531 1
5007 11065 2539 1
5007 11245 2548 1
5017 11515 2556 1
5037 11845 2565 1
5066 12155 2573 1
5106 12425 2582 1
5156 12645 2591 1
5206 12795 2602 1
5256 12905 2609 1
5306 12965 2616 1
5406 13025 2623 1
5586 13045 2631 1
5816 13025 2639 1
6116 12945 2648 1
6505 12805 2665 1
6905 12645 2673 1
7325 12475 2681 1
7725 12305 2689 1
8114 12165 2698 1
8474 12045 2706 1
8754 11955 2715 1
8974 11885 2723 1
9154 11835 2731 1
9294 11795 2739 1
9413 11765 2748 1
9493 11735 2756 1
9553 11715 2765 1
9583 11705 2773 1
9583 11685 2781 1
9034 10426 2875 0
9034 10426 2898 1
9024 10426 2915 1
9024 10446 2931 1
9024 10506 2939 1
9024 10635 2948 1
9034 10905 2956 1
9044 11295 2965 1
9064 11805 2973 1
9074 12315 2981 1
9084 12835 2989 1
9094 13284 2998 1
9094 13654 3006 1
9104 13974 3015 1
9104 14244 3023 1
9104 14474 3031 1
