2698 6157 0 0
2698 6147 14 1
2698 6137 28 1
2698 6127 42 1
2718 6117 50 1
2778 6097 59 1
2888 6057 73 1
3048 5997 81 1
3238 5917 89 1
3478 5827 99 1
3767 5717 109 1
4037 5617 116 1
4287 5537 123 1
4537 5467 134 1
4767 5418 145 1
4977 5398 156 1
5136 5388 161 1
5266 5398 166 1
5376 5428 172 1
5446 5467 180 1
5496 5527 189 1
5526 5657 207 1
5516 5847 214 1
5456 6067 222 1
5346 6317 230 1
5216 6557 239 1
5076 6777 247 1
4947 6957 256 1
4847 7117 264 1
4767 7257 272 1
4717 7377 280 1
4697 7487 289 1
4707 7597 297 1
4757 7707 306 1
4837 7817 314 1
4947 7917 322 1
5116 8046 339 1
5346 8186 347 1
5596 8326 356 1
5816 8466 364 1
6016 8606 372 1
6176 8746 380 1
6306 8876 389 1
6436 9036 397 1
6535 9226 406 1
6595 9426 414 1
6615 9616 422 1
6595 9796 430 1
6535 9976 439 1
6436 10156 450 1
6296 10336 461 1
6126 10496 472 1
5916 10645 480 1
5726 10755 489 1
5546 10825 497 1
5376 10865 506 1
5206 10865 514 1
5037 10845 522 1
4887 10805 530 1
4757 10745 539 1
4657 10665 547 1
4557 10546 555 1
4437 10356 574 1
3987 8366 686 0
3977 8366 706 1
3977 8376 714 1
3977 8416 723 1
3977 8526 731 1
3977 8726 739 1
3977 9016 756 1
3987 9366 764 1
3997 9706 772 1
4027 10106 780 1
4067 10506 789 1
4127 10965 797 1
4207 11425 806 1
4287 11935 815 1
4367 12425 825 1
4447 12945 832 1
4527 13404 840 1
4607 13844 848 1
4687 14224 856 1
4767 14524 864 1
4837 14774 873 1
4907 14994 881 1
4957 15164 889 1
4997 15294 906 1
5017 15394 914 1
5027 15444 922 1
5017 15464 930 1
5007 15464 939 1
4997 15454 947 1
4987 15374 956 1
7225 7697 1160 0
7225 7697 1174 1
7225 7697 1189 1
7275 7697 1197 1
7405 7697 1206 1
7615 7717 1214 1
7875 7747 1222 1
8184 7787 1230 1
8484 7827 1239 1
8814 7867 1256 1
9164 7897 1264 1
9483 7897 1272 1
9783 7877 1280 1
10033 7857 1289 1
10233 7847 1297 1
10373 7837 1306 1
10463 7827 1314 1
10513 7827 1322 1
6236 11565 1470 0
6236 11565 1490 1
6236 11555 1506 1
6236 11545 1514 1
6296 11525 1523 1
6485 11465 1531 1
6805 11365 1540 1
7255 11225 1548 1
7705 11085 1557 1
8204 10935 1565 1
8674 10765 1574 1
9154 10585 1582 1
9543 10426 1590 1
9853 10296 1598 1
10113 10186 1607 1
10313 10106 1615 1
10463 10046 1624 1
10563 10016 1632 1
10623 9996 1640 1
10653 9986 1656 1
10663 9976 1670 1
8664 6797 1836 0
8654 6797 1859 1
8644 6807 1866 1
8644 6857 1873 1
8654 7017 1881 1
8684 7337 1889 1
8734 7757 1897 1
8784 8246 1906 1
8834 8756 1917 1
8874 9286 1928 1
8904 9806 1939 1
8914 10306 1948 1
8924 10755 1957 1
8924 11175 1965 1
8914 11515 1973 1
8904 11795 1982 1
8894 12045 1991 1
8874 12265 1999 1
8854 12465 2007 1
8834 12635 2024 1
8804 12795 2033 1
8774 12935 2042 1
8744 13065 2049 1
8704 13164 2056 1
8654 13244 2074 1
7125 12395 2212 0
7125 12395 2225 1
7115 12395 2239 1
7105 12395 2247 1
7095 12425 2256 1
7085 12525 2264 1
7055 12735 2273 1
7005 13015 2281 1
6955 13314 2289 1
6895 13614 2306 1
6835 13894 2314 1
6785 14124 2323 1
6745 14294 2331 1
6715 14414 2339 1
6695 14484 2347 1
6675 14524 2356 1
6665 14554 2364 1
6665 14564 2372 1
6665 14574 2389 1
6675 14574 2406 1
6715 14574 2414 1
6795 14564 2422 1
6925 14544 2439 1
7125 14514 2447 1
7395 14484 2456 1
7675 14454 2464 1
7994 14414 2473 1
8334 14354 2489 1
8974 14194 2506 1
9543 13974 2514 1
9783 13874 2522 1
10013 13774 2539 1
10243 13674 2547 1
10443 13594 2556 1
10603 13524 2564 1
10723 13474 2572 1
10822 13434 2580 1
10892 13404 2589 1
10862 12245 2699 0
10862 12255 2719 1
10872 12295 2739 1
10902 12375 2747 1
10972 12505 2756 1
11072 12705 2764 1
11182 12925 2772 1
11292 13164 2781 1
11382 13384 2789 1
11462 13614 2797 1
11532 13834 2806 1
11582 14054 2822 1
11612 14234 2830 1
11632 14394 2839 1
11642 14504 2847 1
11642 14574 2856 1
