2628 6367 0 0
2628 6367 11 1
2628 6357 22 1
2628 6347 33 1
2638 6337 43 1
2678 6317 53 1
2748 6277 64 1
2868 6227 72 1
3018 6167 81 1
3188 6097 89 1
3388 6027 98 1
3607 5937 106 1
3837 5847 116 1
4057 5747 125 1
4257 5667 133 1
4437 5587 141 1
4607 5517 149 1
4767 5467 157 1
4897 5428 165 1
5007 5398 174 1
5086 5378 182 1
5146 5368 191 1
5186 5368 202 1
5206 5368 213 1
5216 5378 224 1
5226 5418 232 1
5226 5507 241 1
5196 5647 249 1
5136 5817 258 1
5056 5997 266 1
4967 6197 275 1
4867 6397 285 1
4767 6607 296 1
4687 6797 307 1
4617 6967 318 1
4537 7237 329 1
4537 7347 341 1
4557 7437 346 1
4587 7507 351 1
4637 7577 357 1
4707 7647 365 1
4827 7737 374 1
4957 7827 391 1
5086 7917 399 1
5216 7997 408 1
5336 8076 416 1
5456 8156 424 1
5566 8246 432 1
5676 8326 441 1
5776 8416 449 1
5856 8506 458 1
5936 8606 466 1
6006 8706 474 1
6056 8816 482 1
6086 8936 491 1
6086 9076 499 1
6046 9266 508 1
5966 9466 524 1
5866 9646 532 1
5756 9816 541 1
5646 9976 549 1
5546 10096 557 1
5456 10196 566 1
5356 10266 575 1
5236 10336 583 1
5096 10386 591 1
4947 10406 599 1
4797 10406 607 1
4667 10386 615 1
4557 10346 624 1
4457 10286 645 1
4377 10226 653 1
4297 10136 661 1
4207 9966 668 1
4137 9706 675 1
3947 7807 738 0
3937 7797 774 1
3927 7787 782 1
3927 7787 791 1
3927 7787 799 1
3927 7797 807 1
3927 7827 815 1
3937 7887 824 1
3957 8016 832 1
3977 8226 841 1
4007 8476 849 1
4027 8746 857 1
4057 9076 865 1
4077 9416 874 1
4097 9766 882 1
4127 10166 891 1
4167 10565 907 1
4207 11005 915 1
4247 11435 924 1
4287 11855 932 1
4307 12255 941 1
4327 12615 949 1
4347 12935 957 1
4357 13234 965 1
4357 13494 974 1
4357 13734 982 1
4357 13974 991 1
4357 14184 999 1
4357 14344 1008 1
4357 14464 1016 1
4357 14554 1024 1
4357 14614 1032 1
4347 14644 1041 1
4337 14664 1057 1
7425 7337 1306 0
7425 7327 1323 1
7425 7317 1341 1
7445 7307 1349 1
7525 7307 1358 1
7645 7317 1366 1
7795 7327 1374 1
7984 7357 1382 1
8214 7387 1391 1
8464 7417 1399 1
8724 7437 1407 1
8994 7437 1415 1
9254 7437 1424 1
9473 7427 1432 1
9633 7407 1441 1
9753 7397 1457 1
9833 7387 1465 1
9873 7387 1474 1
5906 11145 1652 0
5906 11135 1674 1
5916 11125 1684 1
5956 11095 1694 1
6076 11045 1702 1
6316 10955 1711 1
6615 10845 1728 1
6955 10705 1734 1
7335 10556 1741 1
7685 10416 1749 1
8034 10276 1758 1
8384 10156 1766 1
8674 10066 1775 1
8924 10006 1783 1
9164 9956 1791 1
9373 9926 1802 1
9543 9906 1813 1
9683 9886 1824 1
9783 9866 1829 1
9863 9836 1835 1
9933 9806 1841 1
10003 9776 1858 1
10073 9746 1866 1
10133 9726 1874 1
10183 9706 1887 1
8814 6647 2088 0
8804 6667 2108 1
8804 6747 2116 1
8804 6957 2124 1
8804 7307 2132 1
8814 7717 2141 1
8834 8156 2149 1
8844 8596 2158 1
8844 9086 2166 1
8834 9546 2174 1
8804 10026 2182 1
8754 10466 2191 1
8704 10855 2199 1
8644 11205 2207 1
8584 11495 2224 1
8534 11715 2232 1
8494 11885 2241 1
8454 12015 2249 1
8424 12125 2257 1
8404 12225 2265 1
8374 12325 2274 1
8344 12425 2290 1
6615 12555 2444 0
6615 12555 2474 1
6615 12565 2479 1
6615 12595 2485 1
6625 12655 2491 1
6645 12785 2507 1
6665 12985 2515 1
6675 13214 2524 1
6655 13454 2532 1
6615 13704 2541 1
6555 13914 2549 1
6495 14114 2557 1
6446 14254 2565 1
6396 14364 2574 1
6366 14444 2582 1
6346 14494 2591 1
6326 14524 2599 1
6316 14544 2607 1
6306 14554 2624 1
6306 14554 2641 1
6326 14554 2649 1
6426 14554 2657 1
6615 14554 2665 1
6875 14534 2674 1
7225 14484 2682 1
7575 14424 2691 1
7944 14334 2699 1
8324 14224 2707 1
8654 14114 2715 1
8994 14004 2724 1
9314 13884 2732 1
9593 13784 2741 1
9843 13694 2757 1
10093 13604 2765 1
10323 13524 2774 1
10523 13454 2782 1
10683 13394 2791 1
10812 13344 2799 1
10922 13314 2808 1
11012 13294 2816 1
11072 13274 2824 1
11102 13254 2832 1
11112 13244 2841 1
11442 11945 2964 0
11442 11945 2973 1
11442 11945 2982 1
11442 11965 2991 1
11452 12005 2999 1
11482 12095 3008 1
11512 12225 3016 1
11542 12415 3024 1
11562 12665 3032 1
11572 12965 3041 1
11582 13254 3058 1
11592 13514 3066 1
11602 13744 3074 1
11612 13944 3082 1
11632 14114 3091 1
11662 14234 3108 1
