1649 5238 0 0
1649 5228 15 1
1659 5208 31 1
1769 5128 39 1
2069 4948 48 1
2528 4718 56 1
2988 4528 64 1
3468 4358 72 1
3897 4248 81 1
4227 4178 89 1
4487 4138 98 1
4667 4128 114 1
4787 4138 122 1
4847 4158 131 1
4867 4178 139 1
4867 4248 147 1
4797 4418 155 1
4657 4658 164 1
4467 4908 172 1
4287 5128 181 1
4137 5328 189 1
4037 5497 197 1
3987 5657 205 1
3997 5807 214 1
4067 5947 222 1
4197 6087 231 1
4427 6267 247 1
4707 6467 255 1
4957 6647 264 1
5146 6807 272 1
5286 6957 281 1
5416 7147 289 1
5506 7397 298 1
5536 7657 306 1
5506 7947 314 1
5396 8236 322 1
5246 8486 330 1
5056 8706 338 1
4857 8876 347 1
4597 9036 355 1
4287 9156 364 1
3997 9186 380 1
3737 9136 388 1
3478 8996 397 1
3258 8786 405 1
3008 8416 414 1
2808 7977 422 1
2688 7597 431 1
2618 7227 439 1
2588 6917 448 1
2578 6687 456 1
2578 6537 464 1
2578 6467 472 1
2578 6437 481 1
2578 6427 489 1
2588 6457 497 1
2628 6657 508 1
2668 7157 519 1
2698 7877 530 1
2708 8646 538 1
2708 9446 547 1
2708 10216 555 1
2708 10935 564 1
2718 11535 572 1
2728 12065 580 1
2748 12515 588 1
2768 12855 597 1
2788 13144 605 1
2818 13374 614 1
2848 13554 622 1
2878 13694 631 1
2908 13794 647 1
2938 13864 655 1
2958 13904 664 1
7545 7567 934 0
7545 7557 949 1
7575 7537 964 1
7695 7497 972 1
7934 7427 981 1
8254 7347 989 1
8584 7287 998 1
8904 7227 1006 1
9204 7177 1014 1
9453 7147 1025 1
9653 7127 1036 1
5466 10875 1159 0
5466 10875 1181 1
5466 10865 1189 1
5546 10835 1198 1
5816 10735 1209 1
6326 10536 1221 1
7015 10286 1231 1
7775 10036 1241 1
8514 9816 1252 1
9254 9606 1259 1
9893 9456 1266 1
10453 9306 1273 1
10892 9196 1281 1
11262 9106 1289 1
11562 9026 1297 1
11762 8966 1305 1
11902 8916 1314 1
11992 8876 1322 1
12052 8836 1331 1
12072 8806 1339 1
12072 8776 1347 1
8614 4888 1508 0
8604 4888 1531 1
8604 4898 1539 1
8604 4978 1547 1
8614 5248 1555 1
8634 5727 1564 1
8664 6377 1572 1
8684 7147 1580 1
8694 7997 1588 1
8694 8816 1597 1
8704 9596 1605 1
8714 10296 1614 1
8714 10925 1630 1
8724 11465 1638 1
8724 11935 1647 1
8724 12335 1655 1
8724 12635 1664 1
8724 12835 1672 1
8714 12975 1680 1
8714 13075 1688 1
8704 13124 1697 1
8694 13144 1705 1
8684 13154 1714 1
8674 13154 1722 1
8664 13154 1730 1
6266 11605 1861 0
6256 11605 1881 1
6246 11605 1897 1
6236 11615 1905 1
6226 11675 1914 1
6206 11815 1922 1
6186 12065 1930 1
6146 12365 1938 1
6096 12735 1948 1
6026 13095 1956 1
5946 13434 1964 1
5856 13734 1972 1
5776 13984 1981 1
5706 14164 1989 1
5656 14294 1997 1
5616 14384 2005 1
5596 14434 2014 1
5586 14464 2031 1
5576 14474 2039 1
5576 14474 2047 1
5596 14474 2064 1
5676 14454 2072 1
5836 14414 2080 1
6096 14344 2088 1
6456 14254 2097 1
6865 14144 2105 1
7315 14024 2114 1
7755 13914 2122 1
8214 13814 2131 1
8614 13724 2139 1
9014 13654 2148 1
9383 13594 2164 1
9683 13544 2172 1
9973 13504 2181 1
10233 13464 2189 1
10463 13434 2198 1
10653 13414 2206 1
10812 13394 2214 1
10952 13374 2222 1
11062 13354 2231 1
11152 13344 2239 1
11222 13334 2248 1
11272 13324 2256 1
11302 13324 2264 1
11312 13324 2272 1
11322 13314 2281 1
11322 13304 2297 1
11092 11315 2393 0
11092 11335 2431 1
11092 11405 2439 1
11092 11615 2448 1
11092 12035 2456 1
11082 12625 2464 1
11072 13264 2472 1
11062 13894 2481 1
11072 14484 2494 1
11082 14974 2507 1
