1929 7097 0 0
1929 7097 29 1
1929 7087 37 1
1939 7077 46 1
1999 7047 66 1
2159 6987 72 1
2468 6877 79 1
2878 6727 87 1
3318 6567 96 1
3757 6407 104 1
4147 6257 113 1
4507 6117 121 1
4827 5997 129 1
5076 5907 137 1
5236 5847 146 1
5336 5807 155 1
5396 5787 165 1
5426 5777 171 1
5436 5777 178 1
5436 5777 196 1
5436 5797 204 1
5416 5847 213 1
5366 5927 220 1
5276 6057 228 1
5126 6237 236 1
4937 6487 245 1
4737 6767 253 1
4527 7067 262 1
4317 7397 270 1
4127 7717 279 1
3967 8006 287 1
3837 8256 295 1
3747 8466 303 1
3687 8626 312 1
3657 8756 320 1
3647 8846 328 1
3667 8916 345 1
3707 8966 353 1
3787 9026 361 1
3937 9096 369 1
4137 9156 378 1
4357 9216 386 1
4577 9266 395 1
4787 9316 403 1
4967 9366 412 1
5106 9416 420 1
5226 9476 428 1
5316 9536 436 1
5386 9616 445 1
5466 9746 453 1
5526 9926 462 1
5566 10136 478 1
5566 10396 486 1
5506 10745 495 1
5376 11135 503 1
5176 11565 511 1
4947 11965 519 1
4687 12345 528 1
4407 12675 536 1
4127 12965 545 1
3867 13204 553 1
3607 13404 562 1
3378 13544 570 1
3178 13634 578 1
3008 13674 586 1
2878 13684 595 1
2778 13664 611 1
2698 13614 619 1
2628 13544 628 1
2528 13404 636 1
2418 13194 645 1
2318 12965 654 1
2228 12715 663 1
2159 12455 670 1
2109 12215 678 1
2069 11985 686 1
2039 11775 695 1
2029 11595 703 1
2019 11445 712 1
2009 11315 720 1
1999 11215 728 1
1989 11145 745 1
1979 11095 753 1
1969 11065 762 1
1969 11045 770 1
1969 11035 778 1
1969 11025 786 1
1969 11025 795 1
1969 11045 812 1
1979 11095 820 1
1999 11195 828 1
2019 11325 836 1
2059 11485 845 1
2099 11695 853 1
2149 11945 862 1
2198 12195 878 1
2258 12465 886 1
2318 12765 895 1
2368 13065 903 1
2418 13344 911 1
2468 13604 919 1
2508 13874 928 1
2548 14124 936 1
2588 14374 945 1
2628 14624 953 1
2658 14874 961 1
2688 15094 969 1
2718 15314 978 1
2748 15494 986 1
2768 15664 995 1
2788 15803 1003 1
2798 15913 1011 1
2808 16013 1028 1
2818 16073 1036 1
2828 16123 1045 1
2838 16153 1053 1
2848 16173 1061 1
2858 16183 1078 1
7425 8666 1826 0
7425 8656 1837 1
7445 8636 1848 1
7515 8586 1855 1
7655 8516 1862 1
7835 8436 1879 1
8014 8366 1887 1
8194 8306 1895 1
8364 8256 1903 1
8524 8216 1912 1
8664 8186 1920 1
8794 8166 1929 1
8914 8146 1937 1
9014 8136 1946 1
9094 8126 1954 1
9144 8126 1962 1
9174 8126 1970 1
9194 8126 1978 1
9204 8136 1986 1
9194 8186 1995 1
5466 11915 2186 0
5466 11905 2199 1
5476 11895 2212 1
5536 11855 2220 1
5726 11735 2228 1
6056 11535 2236 1
6495 11285 2245 1
6955 11015 2253 1
7445 10735 2262 1
7905 10466 2270 1
8344 10216 2278 1
8714 10006 2286 1
9014 9836 2295 1
9264 9706 2303 1
9463 9606 2312 1
9623 9536 2320 1
9733 9496 2329 1
9793 9466 2345 1
9833 9446 2353 1
9853 9436 2362 1
9863 9436 2370 1
9863 9436 2378 1
9863 9436 2386 1
9863 9436 2395 1
7924 7187 2564 0
7924 7187 2612 1
7924 7187 2620 1
7924 7207 2629 1
7924 7307 2637 1
7944 7487 2645 1
7974 7747 2653 1
8004 8066 2662 1
8034 8426 2670 1
8064 8816 2679 1
8084 9226 2687 1
8104 9606 2695 1
8114 9996 2703 1
8114 10376 2712 1
8114 10735 2720 1
8114 11095 2728 1
8124 11435 2745 1
8134 11765 2753 1
8134 12085 2762 1
8144 12375 2770 1
8154 12645 2778 1
8164 12895 2786 1
8174 13095 2795 1
8174 13274 2803 1
8174 13404 2812 1
8174 13504 2820 1
8174 13574 2828 1
8174 13624 2836 1
8174 13654 2845 1
8174 13664 2853 1
8174 13674 2862 1
8174 13674 2892 1
5886 12455 3052 0
5876 12455 3078 1
5876 12455 3086 1
5876 12475 3095 1
5876 12535 3103 1
5876 12635 3112 1
5886 12785 3120 1
5906 12965 3129 1
5936 13164 3145 1
5976 13364 3153 1
6016 13554 3162 1
6066 13734 3170 1
6116 13904 3179 1
6166 14054 3187 1
6226 14174 3195 1
6306 14274 3203 1
6436 14374 3212 1
6655 14474 3220 1
6975 14544 3228 1
7365 14554 3236 1
7765 14514 3245 1
8234 14404 3253 1
8674 14254 3262 1
9154 14054 3278 1
9583 13854 3286 1
9993 13634 3295 1
10383 13424 3303 1
10693 13234 3312 1
10962 13075 3320 1
11192 12935 3328 1
11372 12835 3336 1
11502 12755 3345 1
11592 12705 3353 1
11652 12665 3362 1
11682 12645 3370 1
11702 12625 3378 1
11712 12615 3386 1
11712 12605 3395 1
11702 12605 3428 1
11692 12605 3443 1
10593 11055 3594 0
10583 11045 3628 1
10583 11045 3645 1
10583 11075 3662 1
10583 11175 3670 1
10603 11365 3679 1
10643 11665 3687 1
10683 12015 3695 1
10723 12405 3703 1
10753 12785 3712 1
10783 13134 3720 1
10812 13444 3728 1
10832 13724 3737 1
10842 13964 3745 1
10852 14164 3753 1
10862 14334 3762 1
10872 14464 3770 1
10882 14574 3779 1
10892 14654 3787 1
10902 14724 3795 1
10902 14774 3812 1
10902 14814 3820 1
10912 14844 3829 1
10912 14874 3837 1
10912 14894 3845 1
10912 14914 3853 1
10912 14934 3862 1
