2948 6147 0 0
2948 6147 14 1
2948 6137 28 1
2958 6127 43 1
3008 6117 51 1
3098 6097 60 1
3218 6067 68 1
3388 6017 76 1
3617 5957 84 1
3877 5897 92 1
4147 5827 100 1
4427 5757 109 1
4717 5697 117 1
4967 5657 125 1
5166 5627 133 1
5326 5627 142 1
5436 5647 150 1
5506 5687 159 1
5556 5767 167 1
5596 5937 175 1
5596 6197 192 1
5546 6527 200 1
5466 6837 209 1
5346 7167 217 1
5236 7477 225 1
5136 7727 233 1
5066 7927 242 1
5027 8066 250 1
5007 8176 259 1
5017 8256 267 1
5046 8316 275 1
5106 8376 283 1
5236 8466 292 1
5436 8576 302 1
5676 8686 312 1
5896 8786 329 1
6086 8886 335 1
6246 8996 342 1
6376 9116 350 1
6495 9276 359 1
6595 9476 367 1
6635 9696 375 1
6625 9906 383 1
6575 10106 392 1
6495 10286 400 1
6396 10446 409 1
6276 10565 418 1
6086 10685 427 1
5866 10765 435 1
5656 10805 444 1
5446 10805 453 1
5236 10765 462 1
5046 10685 475 1
4877 10575 483 1
4737 10446 492 1
4597 10256 502 1
4457 9986 512 1
4347 9676 522 1
4267 9356 532 1
4207 9036 542 1
4157 8736 548 1
4107 8496 555 1
4057 8316 562 1
4017 8196 569 1
3977 8116 577 1
3947 8066 584 1
3927 8036 592 1
3907 8026 603 1
3897 8026 614 1
3887 8036 625 1
3877 8096 633 1
3887 8266 642 1
3927 8536 650 1
3987 8896 659 1
4057 9306 667 1
4137 9746 676 1
4207 10216 684 1
4277 10735 693 1
4357 11315 701 1
4417 11925 709 1
4467 12575 717 1
4497 13184 726 1
4507 13844 738 1
4507 14474 750 1
4507 15054 762 1
4507 15534 769 1
4507 15973 777 1
4507 16283 784 1
4507 16503 792 1
4507 16663 803 1
4507 16753 814 1
4507 16793 825 1
4507 16803 830 1
4497 16793 836 1
4487 16773 842 1
8424 7977 1075 0
8424 7977 1092 1
8434 7977 1109 1
8494 7987 1117 1
8624 8016 1125 1
8844 8066 1133 1
9144 8116 1142 1
9463 8166 1152 1
9803 8196 1163 1
10143 8216 1170 1
10413 8226 1177 1
10623 8226 1184 1
10763 8226 1192 1
10862 8226 1200 1
10902 8236 1209 1
5926 12525 1360 0
5926 12525 1379 1
5926 12515 1395 1
5946 12505 1404 1
6036 12475 1413 1
6286 12395 1420 1
6705 12265 1427 1
7235 12085 1435 1
7805 11895 1443 1
8364 11695 1451 1
8904 11505 1460 1
9393 11335 1468 1
9813 11185 1477 1
10193 11045 1487 1
10503 10935 1497 1
10733 10845 1503 1
10912 10785 1510 1
11062 10745 1526 1
11172 10715 1534 1
11262 10695 1543 1
11322 10685 1551 1
11362 10675 1560 1
11392 10665 1574 1
9144 7547 1768 0
9144 7547 1778 1
9144 7597 1789 1
9144 7777 1799 1
9144 8176 1810 1
9154 8756 1818 1
9174 9366 1826 1
9184 10056 1835 1
9214 10745 1844 1
9234 11405 1852 1
9244 12105 1860 1
9254 12735 1876 1
9264 13294 1884 1
9264 13734 1893 1
9254 14084 1901 1
9244 14334 1909 1
9234 14494 1918 1
9224 14584 1927 1
9214 14624 1935 1
9194 14634 1943 1
7605 13224 2097 0
7595 13214 2105 1
7585 13204 2113 1
7575 13204 2121 1
7565 13204 2130 1
7555 13214 2146 1
7535 13284 2154 1
7515 13454 2162 1
7485 13744 2168 1
7465 14084 2175 1
7425 14444 2184 1
7375 14784 2193 1
7315 15074 2202 1
7245 15294 2212 1
7175 15474 2219 1
7115 15594 2227 1
7075 15674 2234 1
7045 15723 2242 1
7025 15743 2250 1
7015 15753 2259 1
7005 15753 2275 1
7005 15753 2284 1
7015 15743 2293 1
7065 15723 2301 1
7215 15674 2309 1
7465 15594 2317 1
7805 15484 2325 1
8204 15334 2333 1
8574 15184 2342 1
8964 15014 2350 1
9344 14844 2359 1
9663 14704 2367 1
9983 14564 2375 1
10273 14444 2383 1
10493 14354 2392 1
10673 14284 2400 1
10802 14224 2409 1
10922 14174 2425 1
11022 14144 2433 1
11122 14114 2442 1
11222 14094 2450 1
11312 14084 2459 1
11662 13204 2589 0
11662 13204 2601 1
11662 13204 2613 1
11662 13224 2625 1
11682 13294 2630 1
11722 13444 2636 1
11802 13694 2642 1
11892 14004 2650 1
11992 14334 2659 1
12112 14694 2667 1
12212 15044 2675 1
12291 15394 2692 1
12351 15723 2700 1
12391 15993 2709 1
12411 16183 2724 1
