7657 5701 0
7577 5741 1
7577 5741 1
7697 5741 1
8097 5701 1
8616 5621 1
9534 5461 1
10053 5421 1
10692 5541 1
11052 5701 1
11132 5980 1
11052 6539 1
10892 7218 1
10772 7657 1
10772 8176 1
10892 8536 1
11251 9055 1
11770 9574 1
12170 9854 1
12649 10253 1
12809 10493 1
12849 10972 1
12529 11371 1
12170 11611 1
11531 11850 1
10772 11850 1
10213 11651 1
9454 11092 1
9055 10612 1
8656 9854 1
8416 9335 1
8336 9135 1
8256 9015 1
8256 9015 1
8256 9215 1
8216 10053 1
8256 11291 1
8296 12369 1
8376 13887 1
8376 14885 1
8336 16283 1
8296 17361 1
8296 18000 1
8376 18679 1
8416 18958 1
8496 18998 1
13967 7657 0
14087 7657 1
14606 7657 1
14606 7657 1
15484 7538 1
16562 7418 1
17241 7298 1
18080 7098 1
18599 6978 1
18839 6978 1
12210 11731 0
12250 11731 1
12409 11731 1
13008 11531 1
15724 11012 1
16682 10892 1
17920 10732 1
18958 10533 1
19717 10253 1
16642 5621 0
16602 5860 1
16602 5860 1
16602 6659 1
16602 7657 1
16562 9494 1
16443 11371 1
16363 12409 1
16283 13767 1
16203 14686 1
16203 15165 1
16163 15524 1
13408 12409 0
13088 13328 1
13088 13328 1
12849 14246 1
12649 14885 1
12449 15724 1
12290 16363 1
12290 16762 1
12569 17042 1
13208 17161 1
13847 17122 1
15045 16922 1
16323 16722 1
17641 16483 1
18519 16363 1
19597 16283 1
20356 16163 1
20676 16083 1
20875 15884 1
20516 12929 0
20596 13408 1
20596 13408 1
20676 14446 1
20716 15604 1
20755 16363 1
20755 17281 1
20755 17721 1
20755 18240 1
20755 18479 1
20716 18439 1
