6499 7298 0
6379 7378 1
6379 7378 1
6300 7378 1
6260 7378 1
6300 7418 1
6419 7418 1
6819 7378 1
7178 7298 1
7657 7138 1
8576 6978 1
9135 6819 1
9774 6819 1
9973 6939 1
9973 7258 1
9814 7538 1
9494 8097 1
9295 8456 1
9255 8736 1
9414 8935 1
9654 9055 1
10093 9215 1
10413 9295 1
10852 9494 1
11132 9574 1
11371 9854 1
11411 10133 1
11251 10453 1
10972 10692 1
10333 10892 1
9894 10972 1
9574 10972 1
9255 10892 1
9095 10612 1
8935 10173 1
8815 9894 1
8696 9614 1
8656 9574 1
8616 9494 1
8616 9494 1
8576 9494 1
8616 9574 1
8656 9694 1
8775 10133 1
8855 10413 1
8975 10812 1
9135 11531 1
9335 12369 1
9454 12929 1
9614 13767 1
9694 14326 1
9854 15205 1
9934 15884 1
10093 16882 1
10253 18000 1
10373 18719 1
10572 19478 1
10652 19757 1
10652 19757 1
14007 9494 0
14087 9414 1
14206 9414 1
14326 9414 1
14686 9494 1
15404 9494 1
15884 9494 1
16483 9494 1
16762 9494 1
16922 9494 1
16882 9494 1
11930 12649 0
11890 12649 1
11890 12649 1
12090 12649 1
12769 12569 1
13448 12409 1
14765 12170 1
16163 11890 1
17042 11731 1
17760 11531 1
18439 11331 1
18719 11092 1
15884 7298 0
15804 7657 1
15804 7657 1
15804 8296 1
15924 9295 1
16043 10173 1
16163 11611 1
16163 12569 1
16123 13847 1
16043 14925 1
16003 15524 1
15963 16083 1
13727 14047 0
13767 14486 1
13767 14486 1
13887 15045 1
13887 15444 1
13727 16003 1
13567 16443 1
13328 16802 1
13248 17002 1
13328 17042 1
13647 17042 1
14047 16922 1
14925 16722 1
15604 16443 1
16722 16003 1
17760 15444 1
18320 15165 1
19118 14726 1
19518 14486 1
19997 14127 1
20236 13807 1
20316 13687 1
20356 13607 1
20356 13567 1
20356 13767 1
20356 14047 1
20436 14765 1
20556 15364 1
20795 16283 1
21075 16882 1
21235 17161 1
21275 17281 1
21155 17082 1
