4622 7977 0
4622 7977 1
4782 7937 1
5022 7897 1
5022 7897 1
5501 7657 1
5860 7577 1
6260 7498 1
6819 7378 1
7138 7378 1
7458 7498 1
7538 7657 1
7458 7897 1
7178 8376 1
6819 8935 1
6659 9295 1
6619 9614 1
6699 9934 1
6939 10133 1
7418 10413 1
7737 10612 1
8017 10892 1
8296 11731 1
8097 12290 1
7857 12649 1
7338 13088 1
6978 13328 1
6499 13488 1
6220 13368 1
5860 12968 1
5701 12649 1
5501 12090 1
5421 11810 1
5381 11611 1
5381 11611 1
5421 11850 1
5501 12290 1
5581 13208 1
5621 13927 1
5701 15085 1
5741 16083 1
5820 16642 1
5900 17122 1
5980 17361 1
6060 17561 1
10133 9934 0
10932 9574 1
10932 9574 1
11211 9414 1
12409 9015 1
13008 8935 1
13607 8935 1
10013 12449 0
9934 12769 1
9934 12769 1
10453 12689 1
11092 12449 1
12330 12010 1
13208 11731 1
14406 11291 1
15005 11171 1
15484 11012 1
15644 10972 1
15604 10892 1
12849 7098 0
12849 7098 1
12849 7218 1
12968 7538 1
13128 8376 1
13208 9055 1
13248 10413 1
13248 11251 1
13208 12369 1
13248 12968 1
13328 13647 1
13368 13887 1
13248 13967 1
10612 12729 0
10533 12849 1
10493 12968 1
10453 13368 1
10413 14166 1
10413 14726 1
10493 15285 1
10692 15524 1
11092 15524 1
11890 15285 1
13088 14765 1
13967 14326 1
15125 13807 1
15644 13567 1
16043 13408 1
16163 13368 1
14805 11571 0
14965 11890 1
14965 11890 1
15285 12649 1
15484 13208 1
15724 14166 1
15804 14726 1
15844 15364 1
15844 15724 1
15844 15804 1
15804 15804 1
