3544 8935 0
3544 8935 1
3504 8935 1
3544 8935 1
3784 8855 1
4063 8775 1
4622 8656 1
4982 8656 1
5421 8656 1
5621 8736 1
5621 9015 1
5461 9295 1
5022 9774 1
4782 10053 1
4543 10453 1
4543 10612 1
4942 10612 1
5421 10493 1
6260 10333 1
6739 10333 1
7298 10333 1
7538 10413 1
7538 10692 1
7338 10892 1
6859 11251 1
6340 11531 1
5980 11611 1
5461 11571 1
5142 11451 1
4742 11052 1
4582 10772 1
4423 10533 1
4263 10213 1
4143 9973 1
4103 9894 1
4063 9854 1
4063 9894 1
4063 10253 1
4103 10692 1
4143 11531 1
4183 12290 1
4303 13328 1
4343 14087 1
4463 15165 1
4503 16003 1
4543 16443 1
4543 16922 1
4543 17122 1
4543 17281 1
4543 17122 1
8815 10453 0
8775 10453 1
8775 10453 1
8855 10413 1
9135 10413 1
9734 10213 1
10133 10133 1
10533 10053 1
10652 10133 1
7937 12968 0
7897 13048 1
8017 13048 1
8336 12929 1
9175 12569 1
9774 12290 1
10652 11930 1
11251 11731 1
11451 11651 1
11571 11611 1
11491 11571 1
9854 8216 0
9814 8176 1
9774 8256 1
9734 8496 1
9614 9135 1
9574 9774 1
9574 10892 1
9534 11651 1
9494 12849 1
9534 13807 1
9534 14406 1
9614 15045 1
9614 15285 1
9654 15524 1
7138 14246 0
7138 14446 1
7138 14606 1
7018 15245 1
6899 15884 1
6779 16363 1
6659 16762 1
6539 17281 1
6499 17601 1
6499 17641 1
6659 17681 1
7018 17601 1
7378 17401 1
8097 17082 1
8696 16882 1
9654 16642 1
10333 16443 1
11251 16203 1
12010 16083 1
12409 16003 1
12809 15884 1
12929 15884 1
13008 15724 1
13168 13767 0
13168 13767 1
13168 13927 1
13128 14087 1
13128 14446 1
13088 14726 1
13088 15165 1
13088 15524 1
13128 15924 1
13168 16363 1
13208 16562 1
13248 16882 1
13288 17082 1
13288 17122 1
13288 17161 1
13328 17161 1
