6060 8576 0
6100 8656 1
6100 8656 1
6459 8456 1
6859 8376 1
7657 8176 1
8256 8097 1
8855 8097 1
9494 8216 1
9734 8456 1
9654 9015 1
9295 9494 1
8736 10213 1
8416 11251 1
8576 11451 1
9574 11890 1
9574 11890 1
10053 12290 1
10253 12649 1
10213 13248 1
10013 13607 1
9534 14127 1
9215 14366 1
8895 14446 1
8576 14206 1
8376 13847 1
8057 13208 1
7817 12649 1
7657 12449 1
7498 12489 1
7458 12769 1
7418 13248 1
7378 14326 1
7338 15245 1
7338 16562 1
7378 17281 1
7577 18000 1
7897 18280 1
12569 10133 0
12849 10133 1
13488 10053 1
13488 10053 1
14087 9973 1
15045 9854 1
15564 9774 1
16083 9774 1
11411 13248 0
11451 13328 1
11611 13368 1
12130 13288 1
13528 12929 1
14686 12649 1
16403 12210 1
17321 12010 1
18439 11890 1
18399 11731 1
14606 7937 0
14606 8017 1
14726 8656 1
14885 9694 1
14885 9694 1
15005 10612 1
15045 12090 1
15005 12968 1
15005 13967 1
14965 14406 1
12250 13048 0
12170 13208 1
12130 13368 1
12010 13887 1
11850 14885 1
11810 15804 1
11890 16283 1
12330 16722 1
12968 16762 1
14206 16642 1
15205 16443 1
16802 16003 1
17840 15804 1
19078 15644 1
19757 15604 1
19957 15604 1
19997 15524 1
19238 13528 0
19398 13767 1
19557 14406 1
19597 15005 1
19597 15285 1
19557 15884 1
19478 16642 1
19438 17122 1
19438 17321 1
