5022 4423 0
4942 4423 1
4942 4423 1
4942 4423 1
5261 4463 1
5701 4423 1
6739 4183 1
7977 3784 1
8775 3584 1
9694 3384 1
10093 3424 1
10213 3864 1
10013 4303 1
9255 5261 1
8736 5741 1
8216 6260 1
8137 6419 1
8376 6539 1
8775 6699 1
9574 7018 1
9973 7378 1
10333 8097 1
10293 8576 1
9934 9295 1
9494 9494 1
8736 9494 1
8176 9135 1
7418 8376 1
7058 7817 1
6739 7298 1
6699 7258 1
6779 7538 1
6899 8296 1
7098 10133 1
7178 11571 1
7178 13807 1
7098 15884 1
7018 17082 1
6859 18679 1
6739 19478 1
6659 20196 1
12609 7897 0
12609 7897 1
15325 7298 1
15325 7298 1
17481 7018 1
17760 7098 1
10413 12210 0
10732 12210 1
10972 12170 1
11691 12010 1
13448 11531 1
15684 11012 1
17161 10732 1
19038 10493 1
19957 10453 1
20835 10493 1
21075 10453 1
15724 4343 0
15644 4303 1
15604 4423 1
15484 4902 1
15325 6459 1
15205 7937 1
15165 10453 1
15165 12689 1
15205 14047 1
15165 15724 1
15045 17042 1
14885 17760 1
14646 18439 1
11731 15165 0
11491 14885 1
11451 14925 1
11411 15165 1
11411 16083 1
11411 16922 1
11371 18160 1
11331 18719 1
11371 19278 1
11651 19557 1
11970 19557 1
12929 19318 1
14326 18719 1
15404 18240 1
17082 17641 1
18120 17361 1
19358 17122 1
20196 17042 1
20516 16922 1
20755 16842 1
20716 16562 1
20276 13767 0
20356 13488 1
20396 13408 1
20476 13288 1
20556 13288 1
20596 13488 1
20636 14326 1
20556 15205 1
20396 16722 1
20196 18000 1
20037 19038 1
19997 19557 1
19917 19997 1
19917 20117 1
19877 20156 1
