4063 7577 0
3904 7657 1
3904 7657 1
3824 7657 1
3824 7657 1
3983 7737 1
4143 7737 1
4463 7697 1
5221 7538 1
5780 7378 1
6539 7218 1
6939 7098 1
7298 7098 1
7418 7218 1
7418 7418 1
7218 7897 1
7058 8216 1
6899 8736 1
6819 9015 1
6859 9295 1
7098 9494 1
7338 9654 1
7777 9934 1
8057 10173 1
8456 10612 1
8656 10892 1
8775 11291 1
8736 11571 1
8576 11810 1
8176 12210 1
7737 12409 1
6978 12649 1
6579 12569 1
6180 12369 1
5980 12010 1
5780 11531 1
5621 11171 1
5501 10612 1
5421 10333 1
5341 10133 1
5341 10053 1
5381 10053 1
5501 10133 1
5701 10612 1
5820 11171 1
6020 12170 1
6100 13008 1
6260 14406 1
6499 15804 1
6699 16642 1
6899 17361 1
7098 18240 1
7258 18839 1
7298 19038 1
7338 18998 1
10293 9215 0
10373 9135 1
10413 9215 1
10533 9215 1
11012 9215 1
11491 9215 1
12529 9095 1
13248 9055 1
14087 9015 1
14446 9015 1
14765 8935 1
8456 13847 0
8256 13967 1
8216 13967 1
8336 13967 1
9055 13887 1
9814 13767 1
11132 13368 1
12090 13088 1
13607 12689 1
14486 12449 1
15484 12210 1
16003 12090 1
16083 12010 1
12849 7817 0
12729 8216 1
12729 8216 1
12649 9295 1
12729 10213 1
12968 11810 1
13128 12729 1
13328 14047 1
13408 14765 1
13408 15644 1
13408 16003 1
11052 14765 0
10852 15165 1
10852 15165 1
10692 15644 1
10612 16283 1
10533 16642 1
10333 17321 1
10213 17681 1
10133 18000 1
10173 18160 1
10493 18160 1
10972 18200 1
12010 18160 1
13288 17880 1
14127 17601 1
15205 17122 1
15804 16802 1
16483 16363 1
18000 14446 0
18000 14446 1
18000 14446 1
18000 14606 1
18000 14965 1
18000 15804 1
18040 16642 1
18080 17122 1
18120 17880 1
18120 18280 1
18120 18439 1
18120 18280 1
