5181 7298 0
5421 7258 1
5421 7258 1
5900 6978 1
6260 6819 1
6699 6659 1
7258 6539 1
7577 6539 1
7817 6659 1
7817 6819 1
7737 7098 1
7218 8097 1
7218 8097 1
7098 8656 1
7218 8935 1
7498 9135 1
8057 9374 1
8576 9574 1
9255 9894 1
9574 10213 1
9694 10892 1
9574 11251 1
9175 11810 1
8855 12010 1
8536 12210 1
6499 10253 0
6539 10333 1
6579 10692 1
6779 11611 1
6939 12489 1
6978 12968 1
7098 13927 1
7298 15165 1
7418 15804 1
7617 16443 1
7817 16642 1
10253 8935 0
10732 8656 1
11810 8376 1
12090 8376 1
13008 8256 1
13647 8256 1
13927 8296 1
10652 11731 0
10732 11731 1
11411 11531 1
12250 11171 1
12689 10972 1
13647 10493 1
14765 9934 1
15165 9694 1
11611 7657 0
11611 7817 1
11731 8376 1
11970 9494 1
11970 9494 1
12170 10772 1
12250 11651 1
12369 12769 1
12409 13328 1
10093 13368 0
10093 14047 1
10093 14047 1
10253 14765 1
10453 15165 1
11052 15444 1
11731 15325 1
13128 14925 1
14206 14526 1
15644 14047 1
16443 13687 1
17201 13408 1
17561 13208 1
15884 11571 0
15924 11810 1
16083 12210 1
16163 12489 1
16323 13208 1
16642 14326 1
16922 15364 1
17082 16003 1
