3864 4982 0
3784 4982 1
3784 4982 1
3824 4982 1
4183 4862 1
4702 4702 1
5900 4263 1
6819 3904 1
8057 3504 1
8895 3424 1
9135 3504 1
8935 3983 1
8576 4463 1
7817 5181 1
7378 5541 1
7098 5820 1
7138 5860 1
7617 5860 1
8376 6020 1
8855 6300 1
9255 6699 1
9454 7418 1
9135 8176 1
8736 8576 1
8097 8855 1
7617 8736 1
6939 8216 1
6579 7697 1
6180 6978 1
6020 6659 1
5940 6419 1
5980 6579 1
6020 7138 1
6060 8656 1
5980 10692 1
5860 12130 1
5621 14246 1
5461 15524 1
5301 17082 1
5181 18160 1
5142 18679 1
5181 18879 1
11651 7258 0
12489 7098 1
12489 7098 1
12489 7098 1
12489 7098 1
15444 6819 1
9095 10972 0
8895 11171 1
8895 11171 1
9374 11251 1
10093 11171 1
11731 10892 1
13168 10612 1
15404 10133 1
17361 9774 1
18359 9614 1
19358 9574 1
19837 9374 1
13847 4063 0
13727 4782 1
13727 4782 1
13687 5261 1
13687 5261 1
13567 9295 1
13567 9295 1
13408 11531 1
13408 11531 1
13408 11531 1
13408 11531 1
12649 17321 1
9734 14127 0
9454 13927 1
9454 13927 1
9374 14366 1
9374 15005 1
9454 16283 1
9494 17082 1
9534 17960 1
9734 18479 1
10013 18679 1
10772 18519 1
12010 18000 1
13128 17441 1
14925 16722 1
16123 16283 1
17721 15804 1
18879 15524 1
19398 15364 1
19837 15165 1
19318 12369 0
19398 12290 1
19398 12290 1
19478 12689 1
19518 13248 1
19478 14486 1
19398 15924 1
19358 16802 1
19318 17880 1
19318 18599 1
19318 18958 1
