7592 7217 0
7592 7217 1
7592 7217 1
7592 7217 1
7592 7217 1
7592 7217 1
7633 7217 1
7758 7217 1
8049 7217 1
8340 7217 1
8548 7217 1
8881 7342 1
9047 7342 1
9172 7467 1
9255 7633 1
9172 7924 1
9047 8174 1
8881 8590 1
8798 8839 1
8839 9089 1
8964 9255 1
9297 9422 1
9588 9547 1
10004 9671 1
10337 9838 1
10503 9921 1
10628 10046 1
10670 10212 1
10545 10503 1
10379 10711 1
9963 11086 1
9505 11294 1
9297 11377 1
8964 11377 1
8798 11210 1
8590 10878 1
8382 10420 1
8257 10129 1
8091 9755 1
7966 9547 1
7841 9339 1
7800 9172 1
7758 9089 1
7758 9089 1
7758 9089 1
7758 9172 1
7800 9630 1
7841 10337 1
7924 11002 1
8007 11959 1
8049 12666 1
8091 13623 1
8091 14413 1
8132 14871 1
8132 15329 1
8174 15537 1
8174 15661 1
8174 15578 1
11052 8815 0
11132 8815 1
11451 8736 1
11930 8576 1
12330 8496 1
13008 8376 1
13687 8216 1
14087 8176 1
14446 8097 1
14606 8097 1
14686 8097 1
10652 10972 0
10572 11012 1
10533 11092 1
10652 11171 1
11132 11052 1
11770 10892 1
12330 10692 1
13328 10413 1
14007 10173 1
14885 9934 1
15604 9774 1
16083 9694 1
16243 9654 1
16323 9654 1
13248 5980 0
13288 5980 1
13328 6140 1
13448 6859 1
13488 7657 1
13528 8935 1
13607 10213 1
13647 10972 1
13727 12010 1
13727 12569 1
13807 13208 1
13847 13567 1
13847 13687 1
13767 13607 1
11291 11092 0
11291 11092 1
11251 11171 1
11211 11531 1
11132 11890 1
11052 12569 1
10972 13008 1
10932 13567 1
10932 13847 1
11012 14166 1
11251 14366 1
11491 14406 1
12010 14366 1
12689 14127 1
13248 13967 1
14087 13647 1
14646 13488 1
15404 13288 1
15963 13128 1
16203 13008 1
16403 12929 1
16882 10333 0
17002 10453 1
17082 10772 1
17201 11531 1
17241 12369 1
17281 12968 1
17321 13767 1
17361 14366 1
17401 14686 1
17441 15005 1
17441 15085 1
17401 15045 1
