5062 5261 0
4942 5181 1
4942 5181 1
4862 5181 1
4942 5181 1
5142 5142 1
5940 4902 1
6739 4702 1
8137 4263 1
9414 3983 1
9973 3983 1
10293 4143 1
10093 4742 1
9574 5301 1
8656 6100 1
8216 6419 1
7897 6659 1
7977 6699 1
8496 6819 1
9055 7018 1
9774 7538 1
10013 7937 1
10053 8656 1
9774 9015 1
9095 9374 1
8576 9335 1
7737 8935 1
7218 8376 1
6659 7657 1
6459 7298 1
6340 7138 1
6379 7378 1
6619 8296 1
6819 10053 1
6899 11451 1
6819 13567 1
6779 14965 1
6659 16922 1
6579 18040 1
6499 19358 1
6459 19957 1
6419 20316 1
12130 7897 0
12130 7897 1
12130 7897 1
12130 7897 1
12130 7897 1
12130 7897 1
17840 7258 1
17840 7258 1
9894 12689 0
9973 12849 1
10133 12849 1
10732 12689 1
12170 12369 1
14246 11890 1
15684 11531 1
17641 11171 1
19158 10892 1
19797 10732 1
20276 10612 1
20356 10533 1
15165 4622 0
15125 4543 1
15125 4543 1
15125 4902 1
15165 5621 1
15205 7498 1
15205 8935 1
15165 11171 1
15085 12489 1
14965 14166 1
14845 15165 1
14686 16363 1
14566 16922 1
14446 17401 1
11092 14166 0
10972 14047 1
10932 14047 1
10892 14206 1
10932 14925 1
10972 15644 1
11012 16762 1
10972 17321 1
11012 18000 1
11171 18280 1
11691 18479 1
12729 18280 1
13687 17920 1
15444 17201 1
17281 16562 1
18359 16203 1
19557 15884 1
20077 15804 1
20516 15644 1
20636 15444 1
20236 12649 0
20316 12369 1
20356 12369 1
20436 12369 1
20596 12689 1
20716 13248 1
20716 14526 1
20596 16163 1
20476 17161 1
20356 18399 1
20276 18998 1
20196 19438 1
20196 19557 1
