4343 9494 0
4343 9494 1
4463 9414 1
4742 9295 1
5461 8935 1
5980 8736 1
6619 8536 1
6899 8496 1
7058 8656 1
6939 8935 1
6539 9494 1
6220 9854 1
5780 10253 1
5621 10493 1
5661 10692 1
6100 10612 1
6579 10413 1
7378 10173 1
7777 10133 1
8256 10133 1
8456 10173 1
8536 10413 1
8456 10612 1
8137 11012 1
7857 11251 1
7298 11531 1
6899 11571 1
6419 11531 1
6140 11371 1
5142 10333 0
5022 10133 1
5062 10133 1
5181 10493 1
5221 10892 1
5301 11810 1
5341 12929 1
5421 13647 1
5461 14765 1
5501 15444 1
5461 16283 1
5421 16842 1
5341 17082 1
10053 10133 0
10013 10173 1
10013 10173 1
10173 10133 1
10612 9934 1
11092 9774 1
11731 9494 1
12130 9374 1
12250 9414 1
9055 12849 0
9055 12968 1
9374 12929 1
10093 12569 1
10772 12170 1
11770 11651 1
12409 11451 1
13008 11171 1
13288 11052 1
13248 10972 1
11251 7937 0
11211 8097 1
11171 8736 1
11092 9295 1
11052 10413 1
11012 11171 1
11012 12369 1
11012 13488 1
11052 14047 1
11052 14686 1
11052 14965 1
11052 15165 1
8536 14606 0
8536 14646 1
8536 14646 1
8336 15205 1
8176 15724 1
8057 16163 1
8017 16443 1
8057 16722 1
8216 16762 1
8656 16762 1
9414 16483 1
9973 16363 1
10852 16083 1
11411 15884 1
12210 15724 1
12809 15604 1
13088 15524 1
13288 15444 1
13328 15444 1
13528 13767 0
13567 13767 1
13647 13767 1
13727 13847 1
13807 14047 1
13927 14246 1
14047 14606 1
14166 14965 1
14246 15165 1
14366 15444 1
14406 15604 1
14446 15724 1
14486 15804 1
14486 15804 1
14526 15884 1
14526 15884 1
14486 15884 1
14486 15884 1
14486 15884 1
14486 15884 1
