4063 4982 0
3983 4902 1
3983 4902 1
4063 4902 1
4343 4822 1
5181 4503 1
5940 4143 1
7258 3584 1
8017 3384 1
8775 3384 1
8975 3624 1
8736 4343 1
8057 5341 1
7577 5860 1
7258 6140 1
7178 6419 1
7378 6419 1
8057 6459 1
8815 6579 1
9215 6819 1
9374 7098 1
9255 7697 1
8696 8256 1
8176 8456 1
7338 8456 1
6779 8176 1
6140 7498 1
5860 7098 1
5621 6659 1
5581 6459 1
5701 6579 1
5860 7018 1
6020 8456 1
6020 10493 1
5940 12010 1
5820 13967 1
5741 15724 1
5701 16642 1
5701 17721 1
5661 18439 1
5661 18679 1
11411 7098 0
11571 6978 1
11571 6978 1
13008 6699 1
15484 6419 1
15484 6419 1
15484 6419 1
15484 6419 1
9015 11531 0
9414 11531 1
10093 11451 1
10533 11371 1
12290 11012 1
13727 10732 1
15884 10413 1
17122 10173 1
18439 9973 1
18919 9894 1
14246 4263 0
14127 3864 1
14087 3704 1
14007 3584 1
14007 3864 1
13967 4423 1
13847 6020 1
13687 7498 1
13528 9694 1
13368 11731 1
13328 12849 1
13248 14366 1
13208 15205 1
13208 16083 1
13168 16642 1
13128 16762 1
9973 13128 0
9614 13048 1
9614 13048 1
9454 13607 1
9454 14366 1
9574 15724 1
9734 16922 1
9894 17481 1
10253 17960 1
10972 17960 1
11651 17721 1
13088 17042 1
14805 16203 1
16003 15724 1
17481 15165 1
18240 14925 1
18958 14726 1
19238 14606 1
18719 11571 0
18759 11251 1
18759 11251 1
18879 11451 1
19038 12170 1
19078 13008 1
19078 14486 1
19038 15444 1
18958 16762 1
18839 17760 1
18799 18160 1
18759 18399 1
