4143 8775 0
4143 8775 1
4223 8736 1
4423 8656 1
4702 8456 1
5301 8216 1
5701 8097 1
6300 7897 1
6619 7817 1
6939 7817 1
7018 7897 1
6899 8216 1
6659 8536 1
6220 9095 1
5940 9494 1
5661 9854 1
5581 9973 1
5741 9973 1
6180 9774 1
6659 9574 1
7418 9215 1
7937 9095 1
8137 9095 1
8296 9295 1
8216 9574 1
7977 9854 1
7378 10453 1
6739 10972 1
6419 11092 1
5980 11171 1
5780 10972 1
5461 10533 1
5341 10173 1
5221 9694 1
5142 9494 1
5102 9295 1
5102 9295 1
5142 9494 1
5142 9854 1
5221 10612 1
5301 11571 1
5341 12290 1
5381 13368 1
5421 14326 1
5461 14885 1
5501 15604 1
5501 15924 1
5501 16283 1
9374 8855 0
9374 8855 1
9374 8855 1
9335 8855 1
9414 8855 1
9574 8855 1
10053 8656 1
10493 8456 1
11132 8216 1
11451 8176 1
11770 8176 1
8935 11850 0
9055 11850 1
9494 11651 1
9894 11371 1
10652 10972 1
11171 10692 1
11810 10333 1
12210 10173 1
12330 10133 1
12369 10133 1
10612 7378 0
10572 7378 1
10572 7697 1
10572 8176 1
10572 9095 1
10652 9894 1
10732 11092 1
10812 12170 1
10852 12769 1
10852 13488 1
10812 13767 1
10652 13927 1
9015 12130 0
8975 12210 1
8775 12569 1
8616 12929 1
8376 13528 1
8256 13967 1
8097 14486 1
8057 14885 1
8137 14965 1
8336 15045 1
8576 15005 1
9095 14885 1
9694 14646 1
10093 14526 1
10652 14366 1
11092 14246 1
11651 14127 1
12010 14047 1
12449 13887 1
12609 13847 1
12769 13807 1
12769 13807 1
12809 13767 1
13128 12210 0
13128 12210 1
13168 12170 1
13208 12290 1
13288 12489 1
13368 12689 1
13488 13008 1
13567 13368 1
13647 13567 1
13767 13887 1
13807 14087 1
13887 14326 1
13927 14406 1
13927 14486 1
13967 14526 1
13967 14526 1
13967 14526 1
13967 14526 1
13967 14526 1
