3704 5820 0
3544 5860 1
3544 5860 1
3464 5860 1
3464 5860 1
3704 5741 1
4023 5621 1
4902 5261 1
5661 4902 1
6899 4543 1
7897 4423 1
8336 4503 1
8496 4982 1
8176 5421 1
7458 6100 1
7018 6419 1
6739 6539 1
6659 6579 1
7018 6539 1
7498 6419 1
8296 6539 1
8775 6739 1
9095 7378 1
8895 8216 1
8536 8736 1
7817 9335 1
7378 9494 1
6739 9215 1
6419 8736 1
6100 7817 1
5980 7298 1
5940 6859 1
5940 6819 1
6060 7258 1
6220 8496 1
6340 9774 1
6499 11810 1
6539 13767 1
6579 14965 1
6579 16483 1
6539 17321 1
6539 18040 1
6539 18280 1
11132 8216 0
11251 8097 1
11251 8097 1
12929 7498 1
14007 7258 1
14007 7258 1
14007 7258 1
14007 7258 1
14007 7258 1
9015 11571 0
9814 11731 1
9814 11731 1
10692 11531 1
12449 11092 1
14446 10612 1
16203 10173 1
17122 10053 1
17920 9854 1
18120 9774 1
13967 4343 0
13887 4343 1
13887 4503 1
13807 5142 1
13727 6939 1
13687 8376 1
13647 10732 1
13607 12130 1
13607 13967 1
13647 15364 1
13647 16443 1
13607 16842 1
13448 17122 1
10173 14446 0
10053 14366 1
9894 14406 1
9894 14526 1
9894 14885 1
9894 15884 1
9854 16562 1
9774 17561 1
9774 18200 1
9894 18479 1
10333 18559 1
11291 18200 1
12769 17601 1
13927 17082 1
15604 16443 1
16562 16083 1
17681 15804 1
18280 15604 1
18479 15524 1
18479 15285 1
18399 12489 0
18479 12210 1
18519 12170 1
18599 12130 1
18799 12649 1
18879 13847 1
18879 14885 1
18719 16562 1
18599 17880 1
18519 18479 1
18479 19078 1
18479 19278 1
18559 19238 1
