5062 9215 0
5381 9055 1
5541 8935 1
6220 8536 1
6739 8216 1
7298 7977 1
8296 7657 1
8296 7657 1
8696 7817 1
8616 8097 1
8456 8496 1
8097 9295 1
7897 9934 1
7937 10253 1
8137 10413 1
8815 10493 1
9414 10493 1
10293 10692 1
10812 10972 1
11331 11850 1
11331 11850 1
11092 12769 1
11092 12769 1
10892 13048 1
10373 13248 1
9973 12849 1
9734 12449 1
9454 11890 1
9295 11731 1
9055 11731 1
8935 12090 1
8855 12729 1
8736 14127 1
8656 15245 1
8536 16842 1
8496 17601 1
8536 18240 1
11731 10173 0
12529 9934 1
12529 9934 1
13408 9774 1
14007 9694 1
14805 9574 1
15125 9574 1
12330 12649 0
11930 13128 1
11930 13128 1
12050 13208 1
12689 12849 1
13408 12489 1
14566 11890 1
15205 11571 1
15764 11251 1
15924 11092 1
13767 7657 0
13767 7697 1
13767 7817 1
13847 8256 1
14007 9295 1
14127 10173 1
14166 11571 1
14166 12489 1
14127 13528 1
14166 14047 1
11651 13328 0
11571 13528 1
11451 14127 1
11451 14127 1
11491 14646 1
11691 15364 1
11930 15644 1
12689 15724 1
13488 15604 1
14845 15165 1
16203 14606 1
16962 14246 1
17721 13847 1
18000 13687 1
18160 13488 1
17161 11651 0
17361 12090 1
17361 12090 1
17681 12849 1
17920 13767 1
18080 14406 1
18320 15325 1
18439 15884 1
18559 16363 1
