5461 4982 0
5341 4982 1
5341 4982 1
5301 5022 1
5381 5102 1
5820 5102 1
6379 4982 1
7458 4742 1
8256 4543 1
9255 4423 1
9774 4543 1
9654 4982 1
9255 5581 1
8416 6539 1
7937 7018 1
7577 7378 1
7777 7498 1
8176 7418 1
9055 7498 1
9574 7657 1
10053 8017 1
10133 8456 1
9774 9055 1
9295 9374 1
8496 9494 1
7937 9335 1
7178 8576 1
6819 7897 1
6619 6978 1
6619 6539 1
6739 6419 1
6899 6739 1
7218 7977 1
7338 9295 1
7498 11371 1
7538 12849 1
7617 14805 1
7657 16443 1
7697 17281 1
7737 18120 1
7737 18439 1
12529 7258 0
12529 7258 1
15045 6739 1
15045 6739 1
10612 10972 0
10812 11012 1
11012 10972 1
11691 10812 1
13328 10413 1
14606 10133 1
16523 9854 1
18120 9574 1
18919 9494 1
19637 9414 1
19837 9335 1
14486 4782 0
14446 4463 1
14446 4463 1
14566 4782 1
14646 5541 1
14686 7298 1
14606 8775 1
14446 11052 1
14286 13008 1
14206 14127 1
14047 15444 1
13967 16443 1
13927 16762 1
13887 17042 1
11092 13368 0
11012 13328 1
10972 13328 1
10892 13488 1
10812 14246 1
10772 14965 1
10732 16163 1
10692 16802 1
10652 17481 1
10692 17760 1
11052 17880 1
11850 17641 1
12689 17321 1
14286 16642 1
16043 16003 1
17161 15604 1
18479 15205 1
19358 15045 1
19717 14965 1
19957 14925 1
19997 14885 1
19637 12170 0
19717 11930 1
19717 11930 1
19837 12090 1
19957 12729 1
20037 13488 1
19997 14925 1
19957 15924 1
19877 17281 1
19797 18240 1
19757 18679 1
19757 18958 1
19757 18998 1
