8137 5701 0
8256 5701 1
8376 5621 1
8736 5581 1
9494 5541 1
10293 5541 1
10732 5581 1
11291 5701 1
11531 5860 1
11651 6140 1
11531 6699 1
11331 7098 1
11052 7657 1
11012 8097 1
11092 8536 1
11331 8855 1
11770 9295 1
12210 9614 1
12609 9934 1
12809 10173 1
12929 10493 1
12809 10772 1
12409 11171 1
11810 11451 1
11331 11531 1
10732 11331 1
10093 10892 1
9654 10413 1
9135 9654 1
8855 9215 1
8616 8736 1
8536 8576 1
8496 8496 1
8496 8496 1
8456 8855 1
8456 9414 1
8456 10692 1
8496 11731 1
8576 13408 1
8536 15005 1
8456 15924 1
8416 17042 1
8456 17840 1
8496 18160 1
8576 18439 1
8656 18439 1
13767 7418 0
13807 7498 1
13887 7498 1
14127 7418 1
14805 7378 1
15724 7378 1
16363 7298 1
17281 7258 1
18000 7098 1
18399 7098 1
18719 6978 1
12729 11092 0
12569 11291 1
12569 11291 1
13008 11371 1
14007 11291 1
14805 11171 1
16083 10972 1
17321 10812 1
18080 10692 1
19078 10533 1
19717 10413 1
19917 10413 1
16722 4702 0
16523 5980 1
16523 5980 1
16403 7498 1
16323 9215 1
16243 10972 1
16123 12649 1
16083 13567 1
16043 14646 1
16043 15325 1
16003 15604 1
15884 15604 1
13408 12489 0
13208 12369 1
13208 12369 1
13088 12729 1
13008 13208 1
12809 14127 1
12529 15045 1
12290 15804 1
12210 16163 1
12290 16642 1
12729 16842 1
13248 16882 1
14286 16762 1
15085 16642 1
16403 16443 1
17760 16283 1
18998 16083 1
19917 15884 1
20396 15804 1
20556 12409 0
20636 12929 1
20676 13208 1
20716 13887 1
20716 15085 1
20676 16163 1
20676 16802 1
20676 17561 1
20676 18000 1
20676 18160 1
20676 18240 1
