3185 8176 0
3145 8176 1
3185 8176 1
3225 8176 1
3584 8017 1
3983 7897 1
4742 7577 1
5461 7378 1
5780 7378 1
5980 7538 1
5900 7697 1
5461 8216 1
5062 8576 1
4543 9135 1
4343 9374 1
4303 9574 1
4543 9574 1
5221 9374 1
5780 9215 1
6579 9015 1
6978 9015 1
7338 9095 1
7378 9414 1
7178 9694 1
6819 10173 1
6539 10413 1
6140 10692 1
5860 10692 1
5381 10533 1
4503 9135 0
4383 8935 1
4383 9015 1
4343 9295 1
4303 9614 1
4303 10413 1
4303 11012 1
4303 12090 1
4343 12729 1
4383 13767 1
4463 14606 1
4503 15045 1
4582 15604 1
4582 15884 1
4582 16083 1
4622 16083 1
9494 9055 0
9454 9095 1
9494 9055 1
9574 9015 1
10013 8935 1
10413 8736 1
11132 8496 1
11531 8376 1
11930 8256 1
12050 8256 1
8256 11531 0
8256 11531 1
8815 11251 1
9335 10972 1
10213 10493 1
10533 10413 1
11611 9973 1
11970 9854 1
12250 9774 1
12330 9694 1
12250 9614 1
10533 6978 0
10533 6978 1
10533 7098 1
10533 7258 1
10533 7817 1
10533 8296 1
10533 9295 1
10533 9934 1
10533 11092 1
10493 11890 1
10493 12968 1
10453 13567 1
10413 14326 1
10413 14686 1
10373 14965 1
10293 15045 1
7897 12369 0
7897 12929 1
7857 13288 1
7817 13767 1
7697 14406 1
7538 15045 1
7458 15444 1
7298 15924 1
7258 16163 1
7218 16283 1
7258 16363 1
7458 16283 1
7897 16003 1
8296 15884 1
9095 15604 1
9654 15364 1
10533 15165 1
11411 14925 1
11930 14885 1
12609 14686 1
13008 14646 1
13408 14606 1
13567 14526 1
13727 14406 1
13847 12968 0
13847 12968 1
13847 13008 1
13847 13128 1
13887 13288 1
13887 13567 1
13927 13767 1
14007 14127 1
14087 14326 1
14127 14646 1
14127 14925 1
14127 15085 1
14166 15325 1
14166 15444 1
14166 15644 1
14206 15804 1
14206 15884 1
14206 15924 1
14206 15924 1
14206 16003 1
