7458 5980 0
8057 5900 1
8815 5860 1
9414 5860 1
10133 5860 1
10533 6020 1
10652 6180 1
10652 6539 1
10572 6939 1
10333 7538 1
10173 7897 1
10013 8376 1
10013 8736 1
10173 9015 1
10533 9494 1
11092 9854 1
11571 10253 1
11810 10453 1
11890 10772 1
11731 10972 1
11331 11291 1
10732 11531 1
10253 11531 1
9454 11451 1
8935 11171 1
8376 10612 1
8017 9854 1
7857 9414 1
7697 9015 1
7657 8815 1
7617 8775 1
7617 8935 1
7617 9574 1
7617 10253 1
7697 11651 1
7737 12649 1
7777 14127 1
7817 15444 1
7817 16562 1
7817 17201 1
7817 17920 1
7817 18320 1
7857 18439 1
7977 18200 1
12849 7737 0
13048 7737 1
13048 7737 1
13647 7657 1
14606 7538 1
15285 7498 1
16163 7378 1
16602 7378 1
17042 7298 1
17241 7378 1
11930 11052 0
11731 11251 1
11731 11251 1
11890 11331 1
12649 11371 1
13448 11291 1
14845 11092 1
16163 10892 1
16962 10692 1
17920 10493 1
18599 10333 1
18839 10253 1
15963 5102 0
15884 6459 1
15884 6459 1
15844 7977 1
15844 9694 1
15764 11251 1
15724 12170 1
15604 13408 1
15524 14326 1
15484 14726 1
12330 11731 0
12210 11890 1
12210 11890 1
12130 12649 1
12010 13288 1
11810 14246 1
11571 15045 1
11451 15524 1
11371 16003 1
11491 16363 1
11970 16443 1
12529 16363 1
13607 16163 1
14406 15924 1
15564 15724 1
16722 15604 1
17681 15364 1
18439 15205 1
18799 15085 1
19358 12210 0
19438 12769 1
19478 13088 1
19677 14526 1
19717 14885 1
19757 15884 1
19717 16722 1
19637 17082 1
19597 17401 1
19557 17441 1
