4303 5860 0
4183 5980 1
4183 5980 1
4183 6100 1
4303 6180 1
4503 6260 1
5181 6260 1
5780 6140 1
6819 6100 1
7498 6020 1
8456 5980 1
8975 5980 1
9454 6020 1
9534 6180 1
9454 6539 1
9055 7258 1
8815 7697 1
8616 8296 1
8656 8656 1
9055 9015 1
9414 9295 1
9934 9574 1
10133 9774 1
10213 10053 1
10093 10413 1
9654 10892 1
9255 11171 1
8736 11331 1
8416 11331 1
7977 10972 1
7657 10533 1
7218 9854 1
6939 9374 1
6779 9055 1
6619 8775 1
6579 8656 1
6539 8656 1
6539 8656 1
6579 8775 1
6619 9295 1
6699 9854 1
6779 10892 1
6899 11810 1
7138 13248 1
7458 14885 1
7697 16003 1
7937 17561 1
8097 18719 1
8176 19278 1
8216 19677 1
8216 19717 1
11132 9694 0
11211 9574 1
11211 9574 1
11211 9574 1
12050 9574 1
12729 9574 1
13488 9494 1
14566 9335 1
15404 9215 1
15764 9215 1
16083 9095 1
16203 9095 1
9454 13807 0
9255 13847 1
9135 13887 1
9774 13807 1
9774 13807 1
10533 13607 1
12050 13208 1
13168 12929 1
14805 12569 1
16123 12170 1
16802 11930 1
13887 7538 0
13807 8097 1
13847 9295 1
14047 10972 1
14246 12849 1
14326 13927 1
14406 14885 1
14406 15924 1
14366 16562 1
14286 16762 1
12010 14925 0
11930 15245 1
11930 15245 1
11850 15884 1
11770 16443 1
11611 17361 1
11491 17920 1
11331 18479 1
11291 18679 1
11331 18719 1
11451 18759 1
11930 18719 1
12849 18439 1
13687 18120 1
15085 17641 1
16403 17321 1
17161 17122 1
17960 16762 1
18759 14206 0
18759 14206 1
18759 14206 1
18759 14206 1
18879 14526 1
19118 15165 1
19278 15724 1
19398 16762 1
19398 17441 1
19318 18399 1
19278 18879 1
19238 18998 1
19198 19038 1
