4063 5461 0
4063 5461 1
4063 5461 1
4143 5461 1
4383 5421 1
4742 5301 1
5661 4982 1
6379 4622 1
7498 4263 1
8376 4063 1
8815 4143 1
9175 4303 1
9135 4702 1
8696 5461 1
8336 5980 1
7897 6459 1
7817 6659 1
7977 6579 1
8336 6539 1
9095 6539 1
9694 6819 1
9894 7138 1
9734 7817 1
9335 8256 1
8815 8656 1
7977 8935 1
7138 8656 1
6699 8376 1
6260 7817 1
6140 7577 1
6140 7538 1
6300 7697 1
6659 8736 1
7018 10493 1
7218 11850 1
7378 13847 1
7418 15005 1
7498 16443 1
7538 17161 1
7538 17920 1
7577 18200 1
12689 7977 0
13807 7737 1
13807 7737 1
13807 7737 1
16483 7378 1
16483 7378 1
10612 11850 0
10852 11850 1
10852 11850 1
11731 11731 1
12729 11451 1
14606 10972 1
16523 10493 1
17601 10333 1
18679 10133 1
19078 10133 1
14885 5062 0
14845 5142 1
14805 5421 1
14805 6260 1
14765 8296 1
14726 9854 1
14646 12010 1
14566 13208 1
14566 14606 1
14606 15285 1
14606 15884 1
11092 13607 0
10892 13647 1
10892 13647 1
10852 14366 1
10892 15604 1
10932 16483 1
10972 17681 1
10972 18320 1
11132 18879 1
11571 19038 1
12090 18958 1
13328 18439 1
14326 17920 1
15963 17201 1
17601 16722 1
18519 16443 1
19518 16163 1
19957 16083 1
20276 15924 1
19757 13328 0
19757 13008 1
19837 12968 1
19837 12968 1
19957 13488 1
19997 14087 1
20037 15444 1
20037 16922 1
19997 17760 1
19997 18759 1
19997 19118 1
19997 19358 1
