7458 6260 0
8296 6100 1
8296 6100 1
9175 5900 1
9774 5860 1
10413 5860 1
10732 6140 1
10772 6419 1
10612 6978 1
10493 7418 1
10293 7937 1
10253 8376 1
10293 8656 1
10493 9095 1
10892 9574 1
11171 9774 1
11491 10173 1
11611 10453 1
11611 10892 1
11331 11291 1
10852 11611 1
10493 11731 1
9814 11571 1
9135 11171 1
8736 10692 1
8256 9973 1
8017 9574 1
7737 9215 1
7617 9015 1
7458 8855 1
7418 8815 1
7418 8815 1
7378 9295 1
7378 9854 1
7418 11052 1
7458 12569 1
7458 14087 1
7418 15005 1
7338 16163 1
7258 17042 1
7258 17481 1
7258 17920 1
7258 18040 1
7338 17760 1
12809 8456 0
13887 8256 1
13887 8256 1
15005 8176 1
16083 8097 1
16962 8176 1
17441 8176 1
17960 8176 1
11291 12489 0
11092 12689 1
11132 12729 1
11371 12769 1
12130 12689 1
12929 12649 1
14286 12449 1
15724 12369 1
17122 12170 1
17880 12090 1
18679 11850 1
19038 11611 1
16043 6180 0
15884 6978 1
15804 7897 1
15644 10772 1
15644 10772 1
15564 12449 1
15404 13887 1
15245 14686 1
15165 15285 1
15005 16003 1
14965 16083 1
11890 12929 0
11691 13208 1
11691 13208 1
11491 13967 1
11331 14606 1
11052 15444 1
10892 15884 1
10772 16363 1
10852 16762 1
11291 17042 1
11731 17122 1
12609 17122 1
13767 16922 1
14646 16802 1
16003 16562 1
17281 16443 1
18000 16283 1
18799 16163 1
19278 16083 1
19518 15884 1
19757 13408 0
19837 13927 1
19877 14127 1
19957 15005 1
19997 15604 1
20037 16483 1
20037 17281 1
20037 17840 1
20037 18040 1
20037 18200 1
19997 18160 1
