3624 10133 0
3624 10133 1
3704 10053 1
4103 9934 1
4543 9774 1
5381 9414 1
5940 9295 1
6659 9055 1
7018 9015 1
7218 9095 1
7138 9295 1
6619 9854 1
6100 10253 1
5421 10892 1
5142 11171 1
5062 11451 1
5461 11451 1
5940 11251 1
6899 10892 1
7538 10692 1
8216 10612 1
8496 10612 1
8576 10892 1
8376 11171 1
7857 11611 1
7458 11890 1
6859 12130 1
6499 12210 1
5980 12090 1
5142 10493 0
5142 10453 1
5142 10533 1
5181 10732 1
5181 11291 1
5221 11850 1
5221 12849 1
5261 13967 1
5261 14646 1
5301 15644 1
5341 16203 1
5341 16842 1
5341 17281 1
5301 17361 1
10612 10533 0
10612 10533 1
10652 10493 1
11012 10413 1
11611 10173 1
12050 9973 1
12689 9774 1
13008 9694 1
13248 9694 1
9534 13008 0
9454 13128 1
9574 13208 1
9774 13088 1
10373 12769 1
10932 12489 1
11850 12090 1
12809 11731 1
13288 11571 1
13767 11451 1
13887 11451 1
13847 11331 1
12010 8256 0
11930 9215 1
11930 9774 1
11890 10612 1
11890 11251 1
11850 12290 1
11850 13208 1
11850 13807 1
11810 14606 1
11810 14965 1
11731 15444 1
11691 15524 1
11611 15604 1
9215 14406 0
9135 14765 1
9015 15085 1
8815 15604 1
8656 16003 1
8496 16443 1
8376 16722 1
8256 17042 1
8137 17201 1
8097 17321 1
8057 17321 1
8057 17321 1
8057 17321 1
8057 17321 1
8057 17321 1
8097 17361 1
8176 17321 1
8296 17321 1
8656 17161 1
9055 17042 1
9774 16842 1
10612 16642 1
11171 16443 1
12010 16283 1
12529 16163 1
13208 16003 1
13687 15884 1
13887 15804 1
14007 15804 1
14007 15804 1
14087 13488 0
14166 13807 1
14206 14047 1
14206 14486 1
14246 15005 1
14246 15364 1
14246 15884 1
14246 16163 1
14246 16562 1
14246 16802 1
14246 16922 1
14246 17042 1
14246 17082 1
14246 17082 1
14246 17082 1
14246 17082 1
14246 17082 1
14246 17082 1
14206 17082 1
