6300 6699 0
6260 6699 1
6260 6699 1
6379 6699 1
6579 6659 1
7577 6539 1
8137 6539 1
8376 6579 1
8536 6699 1
8456 7098 1
8296 7498 1
8057 8017 1
7977 8376 1
7977 8656 1
8176 9015 1
8376 9295 1
8775 9614 1
8975 9894 1
9095 10453 1
9015 10892 1
8775 11331 1
8656 11531 1
8536 11651 1
8376 11651 1
8216 11531 1
6978 10133 0
6899 10053 1
6899 10053 1
6859 10133 1
6899 10772 1
6899 11531 1
6899 12849 1
6899 13767 1
6939 14606 1
7018 15604 1
7138 16003 1
7298 16363 1
7498 16363 1
11691 9015 0
11850 9015 1
12210 8935 1
13488 8736 1
14127 8656 1
14765 8576 1
15444 8536 1
15684 8656 1
11970 10972 0
11850 11171 1
12210 11251 1
13088 11052 1
13088 11052 1
13807 10892 1
14925 10612 1
15524 10493 1
16043 10333 1
16203 10253 1
13887 7378 0
13887 7258 1
13887 7258 1
14047 7657 1
14166 8176 1
14286 8815 1
14366 10133 1
14366 10972 1
14406 12010 1
14446 12489 1
14446 12929 1
11810 12010 0
11571 12569 1
11531 12849 1
11411 13328 1
11371 14087 1
11531 14446 1
12010 14686 1
12649 14606 1
14007 14206 1
14965 13927 1
16243 13607 1
16842 13528 1
17441 13488 1
17760 13328 1
17681 11451 0
17840 12010 1
17840 12010 1
17960 12849 1
18000 13488 1
18000 14446 1
18000 15045 1
17960 15644 1
17920 15924 1
17920 16003 1
17920 16003 1
