5940 6419 0
5860 6379 1
5860 6379 1
5860 6379 1
5900 6419 1
5940 6419 1
6140 6539 1
6340 6539 1
6819 6539 1
7298 6539 1
8017 6459 1
8616 6419 1
9454 6260 1
9973 6140 1
10373 6100 1
10732 6100 1
10812 6140 1
10772 6300 1
10572 6699 1
10373 7018 1
10053 7577 1
9934 7817 1
9934 8097 1
10053 8216 1
10253 8296 1
10692 8456 1
11012 8496 1
11371 8576 1
11770 8736 1
11930 8855 1
12010 9215 1
12010 9574 1
11970 10053 1
11890 10333 1
11651 10772 1
11411 11012 1
11012 11251 1
10732 11251 1
10213 11251 1
9854 11171 1
9534 11012 1
9135 10692 1
8935 10333 1
8775 10053 1
8576 9574 1
8456 9374 1
8336 9215 1
8296 9135 1
8256 9095 1
8256 9135 1
8256 9295 1
8296 9774 1
8336 10173 1
8416 11052 1
8456 11611 1
8496 12130 1
8616 12929 1
8656 13408 1
8775 14166 1
8855 14606 1
8935 15245 1
9015 15724 1
9095 16443 1
9135 16922 1
9255 17760 1
9255 18320 1
9295 19078 1
9295 19557 1
9335 20037 1
9335 20236 1
9414 20196 1
14127 8456 0
14446 8576 1
14446 8576 1
15085 8736 1
15924 8815 1
16523 8815 1
17122 8775 1
17681 8736 1
17840 8736 1
11970 13488 0
11890 13567 1
11890 13567 1
11810 13567 1
11890 13607 1
12290 13567 1
12849 13528 1
14087 13248 1
15085 13008 1
16642 12649 1
17561 12489 1
18679 12290 1
19118 12170 1
19358 12010 1
15604 7657 0
15644 7937 1
15644 7937 1
15684 8536 1
15724 9055 1
15804 9694 1
15884 10972 1
15884 12010 1
15884 13328 1
15924 14127 1
15924 15165 1
15924 16083 1
15924 16483 1
15844 16882 1
13887 15604 0
13807 15524 1
13767 15524 1
13767 15524 1
13767 15804 1
13767 16083 1
13647 16562 1
13528 16922 1
13288 17321 1
13008 17681 1
12929 17840 1
12849 17880 1
12889 17960 1
13128 18000 1
13488 17920 1
13927 17760 1
14885 17441 1
16003 17042 1
16882 16762 1
17721 16443 1
18879 16003 1
19438 15884 1
19917 15804 1
20077 15724 1
20117 15604 1
19757 14127 0
19837 13967 1
19877 13967 1
19917 14087 1
20037 14486 1
20156 14925 1
20236 15804 1
20276 16483 1
20316 17401 1
20356 17920 1
20396 18439 1
20396 18679 1
20396 18719 1
