4023 5701 0
3983 5701 1
3983 5701 1
4143 5701 1
4503 5581 1
5501 5062 1
6379 4622 1
7617 4063 1
8256 3864 1
8855 3864 1
8855 4223 1
8576 4742 1
7977 5581 1
7617 5980 1
7418 6260 1
7538 6419 1
8097 6459 1
8656 6659 1
9454 7018 1
9774 7418 1
9894 8176 1
9614 8656 1
8895 9095 1
8216 9215 1
7138 8815 1
6180 8097 1
5780 7657 1
5461 7098 1
5461 6978 1
5741 7098 1
6020 7538 1
6419 8935 1
6619 10253 1
6779 12210 1
6779 14047 1
6779 15005 1
6779 16283 1
6739 17002 1
6699 17601 1
6699 17760 1
12290 7817 0
12250 7737 1
12250 7737 1
12250 7737 1
13528 7418 1
13528 7418 1
13528 7418 1
13528 7418 1
16602 6819 1
16602 6819 1
10333 11291 0
10453 11331 1
10612 11291 1
11211 11171 1
12769 10772 1
14805 10253 1
16163 9894 1
17840 9574 1
18519 9414 1
19078 9335 1
19118 9135 1
13807 3904 0
13807 3784 1
13807 3784 1
13927 4503 1
14087 6180 1
14166 7657 1
14246 9934 1
14286 11331 1
14286 13208 1
14286 14526 1
14286 15165 1
14246 15804 1
14166 15924 1
10932 13687 0
10572 13328 1
10572 13328 1
10533 13488 1
10572 13967 1
10732 15165 1
10852 16003 1
11052 17002 1
11171 17401 1
11531 17721 1
12210 17681 1
12968 17361 1
14526 16642 1
16323 15804 1
17401 15364 1
18679 15005 1
19238 14885 1
19717 14805 1
19837 14726 1
19078 12449 0
19038 12210 1
19038 12210 1
19078 12210 1
19158 12489 1
19318 13368 1
19398 14606 1
19358 15444 1
19358 16562 1
19318 17161 1
19318 17840 1
19318 18160 1
