4143 5301 0
4023 5341 1
4023 5341 1
3904 5461 1
3864 5581 1
3944 5581 1
4303 5341 1
4782 5102 1
5741 4622 1
6459 4343 1
7498 4063 1
8097 3944 1
8736 3983 1
8895 4263 1
8616 4702 1
7897 5541 1
7418 5900 1
7018 6260 1
7058 6379 1
7577 6539 1
8057 6699 1
8775 7098 1
9095 7418 1
9135 8097 1
8855 8656 1
8256 9215 1
7777 9374 1
6978 9135 1
6499 8736 1
5940 7937 1
5661 7298 1
5581 7098 1
5661 6978 1
5900 7498 1
6180 8855 1
6300 10173 1
6379 12290 1
6379 13767 1
6340 15724 1
6260 17321 1
6260 18120 1
6260 18879 1
6300 19118 1
11810 7657 0
11810 7657 1
11810 7657 1
11810 7657 1
13887 7018 1
13887 7018 1
13887 7018 1
13887 7018 1
13887 7018 1
13887 7018 1
13887 7018 1
16922 6419 1
10413 10772 0
10493 10972 1
10692 10972 1
11371 10892 1
12968 10493 1
15005 9934 1
16283 9574 1
17681 9295 1
18240 9095 1
18559 9015 1
13448 3584 0
13408 3584 1
13408 3584 1
13408 4503 1
13448 6539 1
13408 8176 1
13368 10772 1
13248 13008 1
13208 14206 1
13088 15604 1
13048 16283 1
13008 16802 1
12929 16762 1
10013 13208 0
9654 13567 1
9654 13567 1
9414 14646 1
9414 16083 1
9494 17002 1
9614 18120 1
9814 18719 1
10053 18998 1
10772 18839 1
11491 18479 1
12968 17681 1
14606 16882 1
15724 16443 1
17161 15884 1
18240 15524 1
18679 15364 1
19038 15165 1
18439 12409 0
18439 12210 1
18439 12210 1
18439 12369 1
18439 13128 1
18399 13967 1
18320 15364 1
18200 16722 1
18160 17481 1
18080 18439 1
18080 18958 1
18120 19078 1
