3983 7897 0
3983 7897 1
4023 7897 1
4063 7937 1
4143 8017 1
4263 8017 1
4622 7977 1
5062 7897 1
5780 7817 1
6220 7697 1
6619 7657 1
7138 7538 1
7378 7538 1
7538 7657 1
7577 7817 1
7498 8216 1
7418 8576 1
7258 9215 1
7218 9574 1
7218 9854 1
7418 10053 1
7538 10133 1
7857 10173 1
9055 10453 1
9055 10453 1
9694 10692 1
9934 10892 1
10013 11171 1
9614 11531 1
9175 11651 1
8736 11810 1
7937 11571 1
7458 10972 1
7258 10692 1
6978 10413 1
6859 10173 1
6739 10053 1
6739 10053 1
6699 10053 1
6779 10253 1
6978 10812 1
7138 11371 1
7458 12449 1
7657 13288 1
7897 14765 1
8057 15804 1
8176 17321 1
8296 18160 1
8815 20156 1
8815 20156 1
8975 20476 1
9135 20556 1
9135 19677 1
12090 9055 0
12210 9095 1
12449 9135 1
12449 9135 1
13488 9095 1
14127 9055 1
14965 9015 1
15285 8935 1
15444 8935 1
10333 13408 0
10253 13408 1
10413 13368 1
10572 13328 1
11092 13128 1
12330 12729 1
13368 12489 1
14805 12130 1
15844 11890 1
16363 11810 1
16842 11571 1
17042 11451 1
13607 7897 0
13647 8736 1
13767 9894 1
14007 11371 1
14127 12369 1
14246 13408 1
14326 14805 1
14326 15804 1
14326 16163 1
14246 16363 1
12050 14646 0
11970 14925 1
11930 15444 1
11850 15884 1
11731 16642 1
11451 17481 1
11451 17481 1
11251 18160 1
11132 18439 1
11132 18679 1
11251 18799 1
11651 18958 1
12050 18879 1
12968 18719 1
14127 18280 1
14965 17920 1
16163 17401 1
17281 16882 1
17880 16562 1
18599 16163 1
19677 14246 0
19637 14326 1
19637 14326 1
19637 14526 1
19717 14885 1
19837 15524 1
19917 16083 1
20077 17042 1
20117 17760 1
20156 18160 1
20196 18439 1
20196 18519 1
20196 18479 1
