4503 4423 0
4383 4423 1
4383 4423 1
4343 4423 1
4423 4423 1
4862 4423 1
5421 4303 1
6459 4063 1
7178 3864 1
8017 3704 1
8376 3744 1
8496 4023 1
8336 4423 1
7897 5181 1
7577 5581 1
7378 5860 1
7498 5980 1
7937 6140 1
8376 6180 1
9055 6539 1
9374 6819 1
9414 7498 1
9175 7897 1
8576 8456 1
8137 8536 1
7378 8256 1
6939 7897 1
6419 7218 1
6260 6859 1
6140 6659 1
6419 7138 1
6579 7897 1
6699 9694 1
6699 11171 1
6659 13368 1
6619 15364 1
6659 16483 1
6699 17760 1
6739 18439 1
6819 18998 1
6859 19118 1
6978 18839 1
11770 6739 0
14007 6539 1
14007 6539 1
14007 6539 1
14007 6539 1
14007 6539 1
15724 6419 1
10253 10732 0
10493 10812 1
10692 10772 1
11331 10692 1
12809 10333 1
14606 10053 1
15804 9854 1
17321 9654 1
18359 9574 1
18799 9494 1
19078 9414 1
14166 4343 0
14047 3983 1
14007 3944 1
14007 4063 1
14127 4822 1
14166 5860 1
14166 7817 1
14127 9295 1
14007 11291 1
13847 13048 1
13727 13967 1
13607 14965 1
13528 15444 1
13488 15524 1
10812 12449 0
10572 12369 1
10572 12369 1
10413 12649 1
10333 13208 1
10333 14406 1
10333 15245 1
10413 16283 1
10533 16722 1
10972 17042 1
11850 16922 1
12689 16642 1
14206 16083 1
15844 15524 1
16882 15205 1
18120 14925 1
18719 14805 1
19238 14726 1
19398 14606 1
18559 12290 0
18559 12010 1
18559 11850 1
18639 11651 1
18799 11531 1
18958 11611 1
19198 12290 1
19318 13528 1
19278 14606 1
19158 16163 1
19038 17082 1
18879 18160 1
18759 18759 1
18719 18958 1
18719 18998 1
