13282 2440
13233 2422
13170 2418
13103 2413
13035 2401
12956 2386
12863 2373
12763 2365
12661 2360
12549 2354
12427 2346
12302 2336
12180 2326
12054 2314
11921 2299
11787 2284
11655 2279
11520 2284
11379 2293
11239 2299
11108 2307
10992 2319
10888 2333
10792 2346
10704 2360
10623 2379
10550 2399
10488 2420
10442 2446
10416 2474
10402 2499
10396 2519
10402 2546
10427 2584
10469 2627
10527 2671
10597 2714
10680 2760
10778 2807
10893 2852
11020 2893
11155 2938
11294 2993
11440 3053
11588 3108
11729 3160
11857 3209
11976 3259
12085 3305
12182 3346
12266 3378
12339 3402
12398 3416
12434 3421
12447 3421
12440 3420
12413 3420
12365 3420
12299 3420
12218 3420
12124 3420
12017 3419
11895 3420
11768 3423
11641 3431
11515 3449
11382 3484
11240 3532
11095 3584
10951 3633
10812 3684
10677 3744
10550 3816
10436 3897
10334 3985
10247 4084
10181 4186
10140 4291
10115 4401
10099 4518
10101 4635
10132 4748
10189 4855
10261 4954
10339 5047
10423 5141
10516 5242
10624 5339
10744 5418
10872 5468
11001 5497
11128 5514
11250 5524
11361 5514
11462 5479
11562 5424
11661 5359
11755 5284
11841 5192
11922 5078
12001 4950
12076 4818
12147 4681
12210 4531
12266 4367
12316 4195
12367 4025
12415 3859
12453 3698
12487 3539
12527 3384
12573 3237
12614 3098
12649 2969
12681 2851
12707 2742
12726 2643
12747 2557
12779 2481
12814 2416
12841 2367
12860 2336
12881 2321
12906 2316
12928 2322
12946 2342
12961 2381
12981 2434
13001 2502
13014 2588
13020 2691
13028 2801
13040 2917
13048 3048
13046 3202
13040 3370
13040 3542
13046 3723
13049 3922
13045 4137
13035 4364
13032 4593
13035 4824
13033 5059
13021 5302
13006 5557
12999 5826
12999 6106
13000 6381
13000 6645
13001 6908
13000 7186
12993 7469
12986 7738
12985 7984
12993 8217
13005 8443
13015 8664
13025 8872
13034 9059
13046 9227
13060 9381
13074 9517
13087 9617
13095 9677
13100 9704
13101 9708
13101 9689
13100 9640
13096 9563
13086 9466
13073 9347
13060 9204
13051 9044
13049 8883
13047 8718
13035 8535
13015 8330
12995 8121
12976 7921
12944 7719
12896 7507
12839 7293
12776 7090
12698 6898
12605 6710
12499 6526
12378 6349
12238 6178
12083 6016
11922 5863
11758 5725
11584 5598
11391 5472
11176 5344
10954 5224
10739 5121
10532 5035
10325 4964
10118 4909
9916 4859
9728 4810
9556 4765
9400 4730
9255 4704
9125 4685
9018 4671
8944 4664
8903 4665
8891 4672
8901 4682
8944 4699
9029 4729
9150 4772
9295 4820
9459 4866
9638 4906
9832 4948
10038 5004
10265 5083
10501 5173
10731 5260
10939 5341
11126 5420
11299 5501
11459 5581
11601 5656
11722 5722
11815 5781
11877 5836
11909 5888
11917 5935
11894 5975
11841 6008
11767 6036
11680 6060
11573 6081
11439 6101
11285 6121
11124 6140
10957 6153
10776 6165
10582 6184
10382 6214
10186 6252
9987 6283
9785 6300
9585 6314
9396 6335
9216 6355
9048 6363
8897 6357
8761 6342
8636 6324
8521 6298
8420 6256
8340 6198
8287 6129
8255 6058
8235 5977
8227 5877
8237 5760
8268 5634
8311 5499
8357 5354
8404 5198
8464 5035
8539 4862
8620 4681
8694 4500
8761 4321
8826 4142
8898 3954
8974 3754
9053 3552
9128 3359
9199 3178
9269 2999
9340 2819
9408 2644
9468 2479
9522 2323
9573 2170
9621 2023
9668 1890
9714 1776
9755 1669
9788 1569
9815 1482
9840 1414
9866 1362
9896 1322
9927 1294
9950 1281
9961 1287
9968 1314
9975 1361
9980 1422
9981 1496
9981 1581
9981 1681
9980 1800
9975 1941
9966 2101
9954 2276
9946 2461
9942 2655
9934 2868
9915 3103
9890 3351
9861 3599
9827 3844
9789 4093
9754 4355
9715 4626
9667 4906
9614 5187
9566 5462
9519 5727
9472 5991
9427 6261
9389 6545
9355 6829
9325 7097
9295 7331
9259 7538
9219 7728
9185 7906
9163 8063
9152 8189
9145 8282
9139 8348
9137 8396
9144 8422
9162 8416
9191 8376
9230 8308
9279 8220
9331 8113
9385 7985
9445 7839
9513 7682
9585 7517
9655 7344
9725 7162
9794 6969
9864 6767
9940 6566
10025 6372
10114 6184
10199 6000
10281 5818
10366 5637
10454 5463
10539 5303
10620 5161
10705 5031
10800 4908
10900 4795
10994 4699
11080 4627
11166 4581
11259 4554
11358 4535
11459 4528
11564 4546
11673 4588
11790 4645
11909 4718
12031 4812
12146 4919
12256 5038
12358 5167
12463 5313
12570 5468
12679 5629
12782 5788
12882 5951
12975 6118
13061 6292
13143 6473
13223 6661
13293 6845
13345 7014
13374 7166
13385 7310
13380 7450
13359 7579
13318 7689
13259 7786
13186 7878
13099 7956
12993 8014
12866 8055
12719 8086
12557 8107
12385 8118
12204 8123
12010 8117
11796 8097
11573 8062
11354 8022
11144 7981
10935 7936
10725 7881
10512 7818
10303 7749
10109 7671
9937 7576
9777 7468
9618 7357
9462 7246
9317 7130
9193 7007
9085 6876
8988 6741
8897 6600
8816 6459
8749 6320
8702 6185
8666 6054
8636 5925
8607 5795
8584 5663
8566 5533
8554 5415
8540 5312
8521 5217
8499 5125
8480 5038
8465 4958
8453 4883
8441 4815
8427 4761
8409 4729
8387 4717
8362 4711
8333 4704
8298 4703
8266 4715
8246 4747
8233 4797
8214 4862
8188 4938
8160 5018
8132 5102
8105 5196
8086 5308
8078 5438
8074 5583
8067 5727
8055 5870
8039 6019
8020 6179
8006 6345
8000 6509
7994 6667
7982 6822
7961 6976
7935 7122
7907 7258
7880 7384
7855 7497
7828 7597
7794 7683
7753 7763
7712 7837
7680 7902
7658 7957
7636 8003
7606 8043
7568 8077
7532 8095
7503 8099
7478 8101
7441 8120
