18801 4080
18778 4080
18743 4081
18702 4081
18656 4076
18603 4066
18539 4051
18462 4033
18371 4011
18269 3980
18163 3941
18050 3901
17922 3865
17782 3829
17640 3791
17505 3749
17374 3710
17245 3674
17115 3644
16984 3619
16853 3599
16729 3580
16614 3559
16510 3538
16407 3525
16304 3524
16204 3528
16117 3530
16042 3528
15977 3529
15923 3539
15882 3559
15851 3584
15829 3609
15816 3631
15815 3653
15829 3678
15863 3711
15911 3753
15963 3800
16018 3845
16083 3887
16163 3931
16258 3985
16358 4047
16460 4110
16564 4170
16673 4231
16791 4293
16914 4358
17039 4426
17161 4501
17281 4575
17396 4640
17508 4695
17612 4753
17703 4820
17779 4885
17843 4935
17897 4967
17937 4987
17968 4998
17992 5007
18009 5010
18011 5008
17997 4996
17971 4976
17937 4948
17890 4916
17828 4880
17757 4840
17686 4800
17615 4760
17541 4724
17461 4688
17374 4655
17286 4627
17200 4610
17119 4599
17039 4591
16959 4584
16880 4586
16803 4601
16732 4625
16670 4655
16619 4698
16571 4755
16524 4819
16484 4890
16455 4967
16442 5049
16443 5133
16456 5229
16477 5334
16509 5444
16557 5549
16617 5651
16684 5755
16758 5867
16840 5977
16929 6072
17010 6146
17070 6200
17115 6238
17160 6258
17213 6264
17266 6258
17315 6242
17360 6213
17407 6174
17455 6125
17501 6068
17541 6003
17574 5934
17606 5857
17641 5774
17679 5683
17715 5587
17746 5487
17775 5388
17806 5290
17834 5195
17860 5104
17886 5014
17915 4925
17946 4839
17974 4758
17999 4680
18027 4606
18060 4534
18094 4458
18121 4380
18140 4310
18160 4253
18185 4204
18214 4154
18245 4105
18275 4058
18306 4019
18335 3986
18360 3958
18381 3927
18401 3896
18419 3874
18434 3862
18453 3852
18474 3846
18493 3845
18506 3850
18521 3858
18540 3875
18560 3905
18575 3948
18586 3999
18595 4057
18605 4123
18615 4197
18625 4282
18634 4383
18646 4502
18660 4631
18673 4768
18685 4913
18701 5069
18725 5232
18749 5403
18767 5581
18775 5765
18778 5948
18785 6127
18806 6302
18834 6477
18856 6648
18863 6806
18856 6949
18846 7078
18835 7196
18825 7304
18814 7403
18805 7491
18801 7569
18801 7638
18795 7697
18775 7743
18747 7777
18725 7802
18713 7821
18706 7837
18695 7848
18680 7850
18660 7840
18640 7823
18626 7807
18614 7787
18601 7763
18583 7734
18560 7702
18529 7661
18497 7615
18468 7568
18445 7519
18421 7467
18393 7415
18359 7365
18332 7310
18314 7252
18299 7190
18275 7125
18247 7056
18221 6986
18194 6915
18160 6840
18126 6762
18095 6682
18066 6595
18028 6500
17986 6401
17947 6306
17913 6214
17880 6120
17842 6021
17799 5919
17753 5820
17711 5725
17678 5634
17653 5545
17631 5454
17609 5365
17585 5279
17560 5198
17538 5124
17523 5058
17519 4998
17526 4944
17534 4898
17533 4858
17527 4824
17525 4793
17533 4770
17546 4754
17555 4744
17561 4734
17563 4725
17563 4721
17551 4719
17523 4715
17478 4707
17427 4695
17370 4681
17307 4666
17237 4648
17162 4627
17078 4607
16983 4583
16871 4557
16747 4525
16616 4495
16485 4464
16356 4436
16226 4403
16088 4375
15946 4349
15804 4329
15671 4309
15550 4290
15439 4274
15331 4265
15223 4259
15124 4252
15042 4246
14976 4245
14917 4251
14868 4260
14831 4272
14807 4287
14798 4304
14802 4321
14816 4344
14837 4373
14868 4405
14918 4435
14982 4464
15053 4494
15125 4530
15199 4570
15278 4610
15365 4644
15459 4677
15553 4709
15647 4745
15740 4781
15833 4820
15926 4855
16020 4886
16118 4914
16220 4945
16326 4985
16434 5028
16540 5070
16642 5110
16740 5151
16834 5194
16928 5239
17021 5287
17108 5335
17187 5378
17262 5416
17340 5457
17415 5503
17482 5552
17541 5595
17595 5633
17649 5673
17703 5721
17744 5767
17763 5802
17769 5828
17775 5855
17781 5880
17782 5900
17776 5916
17762 5933
17743 5950
17716 5960
17676 5962
17629 5962
17576 5965
17516 5964
17444 5958
17364 5946
17270 5931
17162 5910
17045 5887
16922 5860
16789 5834
16641 5805
16488 5780
16341 5760
16194 5745
16037 5729
15868 5711
15694 5688
15519 5670
15346 5660
15180 5658
15018 5654
14854 5647
14691 5640
14533 5632
14384 5626
14238 5626
14097 5633
13963 5640
13843 5641
13736 5639
13642 5640
13556 5646
13481 5655
13422 5661
13381 5655
13356 5641
13343 5627
13337 5615
13342 5602
13358 5581
13388 5550
13426 5514
13470 5476
13518 5434
13571 5387
13631 5337
13699 5286
13772 5229
13846 5167
13921 5102
13999 5034
14075 4961
14146 4887
14214 4815
14285 4741
14361 4661
14440 4575
14514 4486
14581 4394
14646 4306
14716 4221
14787 4134
14849 4041
14902 3946
14949 3853
14995 3765
15035 3679
15067 3599
15095 3520
15126 3444
15161 3367
15194 3296
15221 3233
15242 3178
15261 3124
15275 3072
15280 3029
15281 2998
15286 2978
15294 2964
15300 2952
15301 2943
15300 2943
15300 2957
15301 2983
15301 3017
15295 3058
15280 3109
15260 3172
15245 3242
15240 3318
15240 3409
15235 3512
15220 3623
15201 3737
15186 3857
15174 3990
15160 4138
15141 4293
15119 4445
15100 4596
15085 4750
15073 4907
15066 5066
15060 5227
15054 5388
15047 5546
15035 5702
15019 5861
15001 6014
14986 6161
14974 6303
14960 6447
14941 6584
14919 6709
14900 6822
14886 6930
14873 7034
14859 7131
14846 7217
14840 7291
14839 7352
14834 7396
14826 7424
14819 7444
14818 7458
14825 7457
14839 7438
14858 7405
14879 7362
14905 7310
14940 7248
14979 7183
15013 7115
15046 7041
15086 6957
15132 6867
15178 6775
15226 6681
15280 6581
15338 6480
15395 6375
15452 6271
15508 6167
15565 6065
15621 5966
15679 5872
15739 5784
15800 5701
15866 5624
15934 5548
16001 5472
16061 5394
16116 5317
16167 5245
16215 5185
16261 5131
16302 5079
16339 5031
16374 4991
16412 4958
16455 4930
16498 4907
16535 4889
16572 4879
16615 4878
16659 4882
16695 4893
16727 4914
16759 4945
16794 4989
16832 5044
16873 5106
16913 5173
16952 5248
16993 5340
17038 5440
17086 5544
17139 5652
17192 5766
17247 5883
17302 6006
17359 6139
17405 6276
17445 6407
17481 6524
17511 6633
17526 6743
17534 6855
17539 6957
17537 7044
17515 7117
17473 7178
17427 7228
17379 7265
17320 7294
17244 7317
17162 7335
17082 7341
16996 7342
16898 7342
16786 7341
16659 7330
16511 7309
16342 7281
16167 7248
16000 7212
15840 7180
15675 7154
15501 7126
15321 7093
15139 7059
14959 7032
14785 7012
14619 6993
14460 6973
14300 6954
14135 6933
13966 6912
13798 6894
13636 6880
13487 6866
13356 6849
13247 6831
13157 6815
13077 6800
13002 6781
12937 6756
12887 6727
12856 6696
12843 6659
12837 6616
12837 6573
12844 6530
12863 6481
12891 6422
12925 6355
12966 6287
13012 6221
13059 6154
13106 6081
13159 6002
13218 5921
13279 5840
13340 5754
13406 5666
13474 5581
13540 5499
13602 5413
13661 5327
13715 5245
13761 5167
13802 5091
13840 5019
13875 4953
13907 4891
13935 4833
13960 4779
13983 4731
14006 4687
14023 4649
14033 4615
14037 4588
14040 4566
14036 4550
14027 4544
14015 4546
14000 4555
13981 4567
13962 4587
13940 4620
13911 4668
13874 4720
13829 4776
13779 4839
13727 4915
13681 4996
13635 5091
13581 5202
13517 5324
13447 5450
13375 5585
13300 5731
13221 5884
13140 6041
13060 6204
12979 6369
12898 6532
12825 6690
12763 6847
12713 6998
12666 7142
12619 7271
12567 7389
12517 7497
12475 7600
12437 7697
12399 7789
12361 7872
12329 7938
12300 7984
12276 8017
12262 8043
12259 8063
12248 8074
12223 8071
12198 8066
12200 8079
