15357 3900
15331 3880
15303 3861
15266 3842
15217 3820
15166 3789
15116 3751
15067 3715
15009 3686
14941 3660
14868 3629
14795 3593
14720 3554
14641 3513
14561 3476
14480 3448
14393 3429
14306 3414
14225 3398
14151 3384
14082 3378
14018 3383
13972 3397
13945 3417
13933 3443
13931 3483
13940 3538
13966 3603
14015 3673
14087 3745
14175 3817
14271 3897
14376 3990
14494 4099
14619 4213
14737 4322
14842 4421
14937 4514
15029 4607
15113 4702
15179 4797
15219 4878
15238 4939
15245 4984
15245 5018
15227 5042
15186 5057
15123 5063
15043 5062
14942 5050
14823 5028
14689 5001
14541 4973
14372 4945
14192 4919
14014 4899
13845 4883
13678 4872
13511 4869
13348 4878
13203 4896
13080 4922
12974 4962
12881 5021
12804 5101
12753 5197
12736 5304
12747 5413
12779 5524
12830 5636
12908 5753
13019 5866
13150 5963
13286 6040
13419 6104
13555 6158
13693 6199
13827 6220
13957 6220
14082 6200
14195 6158
14296 6099
14394 6029
14496 5951
14594 5861
14677 5763
14748 5661
14815 5554
14881 5440
14942 5326
14997 5218
15041 5118
15076 5025
15107 4939
15135 4857
15161 4778
15181 4705
15195 4642
15207 4590
15222 4549
15235 4523
15240 4510
15236 4503
15232 4502
15229 4516
15226 4548
15216 4596
15200 4655
15181 4728
15165 4816
15148 4920
15131 5036
15115 5167
15105 5316
15094 5481
15080 5656
15062 5840
15046 6041
15026 6268
15006 6516
14992 6772
14986 7030
14979 7292
14967 7561
14959 7843
14958 8144
14960 8459
14966 8775
14973 9080
14981 9376
14987 9672
14989 9971
14986 10268
14980 10548
14978 10805
14986 11042
15001 11259
15014 11454
15017 11629
15008 11783
14995 11910
14981 11998
14968 12049
14949 12070
14919 12068
14882 12044
14852 11994
14826 11910
14800 11799
14774 11672
14748 11531
14718 11375
14683 11212
14652 11043
14620 10864
14585 10666
14552 10452
14533 10230
14518 10011
14501 9800
14481 9594
14460 9381
14435 9161
14405 8934
14375 8709
14351 8493
14329 8291
14305 8093
14274 7891
14245 7690
14220 7503
14204 7337
14187 7183
14171 7031
14160 6882
14158 6748
14159 6636
14160 6542
14165 6459
14174 6378
14186 6299
14196 6226
14203 6159
14198 6093
14177 6026
14139 5961
14091 5899
14033 5835
13958 5767
13861 5697
13745 5622
13612 5535
13465 5435
13304 5332
13130 5234
12943 5144
12747 5054
12547 4964
12350 4878
12163 4803
11989 4736
11827 4681
11682 4642
11557 4621
11452 4614
11374 4621
11330 4647
11327 4694
11360 4761
11430 4842
11536 4935
11678 5041
11842 5162
12020 5300
12212 5458
12418 5630
12629 5806
12832 5979
13018 6153
13181 6334
13328 6520
13457 6700
13556 6865
13613 7008
13635 7125
13631 7221
13600 7306
13542 7374
13460 7415
13359 7426
13243 7413
13117 7388
12982 7357
12841 7321
12692 7277
12542 7228
12408 7172
12302 7105
12215 7020
12132 6912
12050 6784
11976 6643
11915 6495
11872 6343
11850 6184
11848 6015
11857 5830
11870 5634
11889 5441
11924 5253
11976 5060
12037 4861
12101 4665
12170 4472
12241 4285
12317 4105
12395 3932
12477 3765
12560 3598
12646 3436
12733 3284
12820 3149
12906 3025
12994 2903
13086 2784
13176 2676
13261 2583
13336 2504
13407 2432
13477 2362
13545 2297
13604 2248
13658 2217
13711 2202
13766 2193
13811 2190
13847 2190
13877 2201
13907 2229
13929 2282
13942 2350
13949 2422
13954 2497
13954 2587
13949 2700
13941 2834
13929 2987
13912 3157
13890 3341
13871 3536
13855 3741
13839 3961
13821 4202
13800 4462
13779 4731
13760 5004
13746 5283
13733 5576
13719 5883
13705 6205
13694 6535
13690 6863
13688 7174
13686 7465
13686 7733
13687 7985
13691 8227
13696 8454
13703 8651
13707 8815
13716 8946
13735 9050
13763 9120
13788 9151
13810 9138
13835 9094
13869 9030
13907 8945
13949 8834
13999 8704
14060 8562
14126 8416
14188 8268
14239 8116
14292 7954
14355 7786
14424 7620
14485 7464
14537 7312
14586 7163
14637 7019
14684 6888
14721 6770
14753 6662
14784 6568
14817 6491
14844 6426
14865 6370
14887 6331
14913 6319
14939 6333
14965 6370
14997 6429
15038 6511
15090 6615
15152 6739
15217 6880
15284 7040
15363 7226
15459 7436
15566 7662
15671 7893
15763 8125
15839 8361
15902 8603
15958 8839
16005 9054
16039 9240
16050 9401
16032 9547
15989 9675
15925 9776
15846 9842
15753 9877
15639 9887
15505 9875
15351 9840
15188 9780
15021 9698
14855 9603
14687 9503
14510 9398
14325 9278
14135 9137
13949 8976
13772 8812
13609 8655
13452 8506
13303 8349
13159 8180
13022 8006
12896 7843
12785 7692
12689 7551
12599 7414
12509 7277
12426 7138
12362 7010
12305 6897
12251 6796
12200 6698
12157 6604
12120 6522
12087 6456
12052 6402
12014 6358
11977 6323
11949 6298
11925 6278
11895 6262
11861 6257
11826 6269
11794 6296
11761 6331
11726 6370
11689 6418
11653 6476
11615 6544
11574 6623
11527 6711
11481 6810
11435 6918
11388 7030
11330 7145
11261 7271
11183 7407
11106 7544
11028 7675
10946 7811
10862 7954
10779 8100
10694 8242
10605 8376
10518 8502
10439 8622
10370 8736
10307 8843
10249 8939
10194 9022
10149 9088
10111 9141
10083 9181
10064 9208
10058 9219
10059 9222
10060 9215
10059 9203
10057 9189
10063 9170
10090 9133
10133 9084
10182 9039
