17237 2958
17231 2949
17224 2947
17212 2950
17193 2955
17168 2961
17131 2962
17083 2955
17023 2941
16956 2928
16882 2914
16802 2894
16716 2868
16623 2840
16522 2813
16411 2786
16292 2762
16165 2738
16038 2708
15908 2678
15775 2653
15639 2632
15503 2612
15365 2595
15226 2583
15088 2569
14956 2556
14829 2548
14704 2550
14578 2554
14458 2559
14349 2560
14251 2565
14162 2573
14084 2585
14017 2600
13957 2619
13903 2639
13857 2659
13823 2680
13803 2705
13792 2733
13788 2766
13793 2800
13807 2832
13831 2866
13869 2906
13918 2952
13977 2998
14038 3046
14104 3104
14183 3172
14271 3245
14370 3320
14475 3398
14583 3479
14688 3564
14795 3653
14908 3749
15034 3853
15163 3964
15296 4080
15429 4199
15565 4320
15699 4440
15835 4561
15973 4682
16109 4796
16237 4899
16354 4996
16459 5099
16559 5204
16653 5301
16741 5380
16814 5449
16871 5506
16907 5549
16925 5574
16925 5587
16912 5590
16889 5589
16853 5583
16804 5570
16738 5542
16657 5503
16563 5461
16463 5419
16356 5374
16242 5331
16117 5294
15985 5263
15849 5234
15717 5210
15588 5193
15459 5183
15326 5178
15195 5178
15070 5189
14947 5211
14824 5242
14705 5282
14598 5337
14498 5408
14398 5490
14299 5582
14209 5684
14132 5801
14063 5931
13999 6070
13943 6219
13896 6371
13863 6523
13842 6686
13835 6863
13843 7047
13867 7228
13904 7403
13955 7570
14019 7724
14094 7869
14173 8001
14263 8121
14360 8224
14462 8311
14567 8376
14684 8416
14807 8429
14926 8411
15041 8361
15155 8282
15271 8180
15384 8061
15492 7925
15596 7767
15700 7588
15800 7399
15901 7208
16001 7009
16100 6795
16195 6573
16287 6354
16375 6143
16460 5934
16542 5730
16620 5533
16695 5342
16767 5157
16835 4984
16900 4823
16962 4670
17022 4519
17076 4379
17121 4252
17156 4145
17187 4052
17216 3973
17240 3904
17256 3849
17267 3808
17275 3781
17281 3768
17283 3775
17280 3801
17270 3842
17254 3894
17235 3961
17213 4052
17187 4169
17162 4307
17135 4455
17101 4615
17057 4792
17011 4994
16963 5219
16918 5462
16870 5721
16818 5995
16761 6282
16707 6582
16659 6894
16609 7222
16553 7570
16494 7932
16438 8292
16385 8646
16339 9005
16300 9378
16261 9761
16214 10140
16159 10510
16110 10875
16073 11237
16049 11587
16027 11919
16004 12226
15986 12506
15978 12753
15973 12971
15966 13159
15960 13308
15959 13408
15958 13461
15959 13469
15966 13433
15979 13354
15993 13233
16007 13077
16020 12884
16033 12658
16046 12413
16060 12165
16079 11905
16099 11621
16121 11317
16145 11018
16169 10732
16191 10452
16210 10166
16230 9883
16249 9611
16271 9354
16295 9108
16320 8869
16342 8626
16360 8388
16374 8164
16387 7962
16401 7770
16415 7583
16426 7402
16430 7236
16433 7088
16436 6957
16435 6837
16422 6723
16402 6617
16380 6522
16356 6442
16328 6376
16290 6322
16242 6284
16189 6258
16134 6238
16076 6219
16010 6205
15936 6200
15851 6199
15755 6195
15650 6186
15537 6174
15416 6165
15284 6161
15141 6159
14989 6155
14835 6147
14680 6135
14520 6120
14356 6101
14192 6081
14027 6061
13858 6039
13693 6014
13539 5992
13391 5974
13238 5959
13090 5940
12958 5921
12843 5905
12732 5889
12623 5870
12519 5848
12428 5831
12351 5819
12282 5812
12223 5805
12177 5801
12141 5798
12118 5798
12108 5800
12110 5810
12121 5825
12148 5844
12196 5871
12261 5907
12337 5949
12423 5988
12522 6029
12635 6080
12762 6143
12903 6207
13057 6272
13218 6340
13384 6412
13553 6485
13730 6559
13914 6639
14100 6725
14281 6815
14455 6904
14628 6989
14801 7078
14969 7168
15128 7258
15284 7347
15435 7439
15576 7533
15705 7628
15824 7721
15932 7810
16024 7888
16098 7956
16159 8020
16211 8082
16246 8142
16259 8195
16252 8237
16233 8273
16203 8305
16153 8333
16085 8351
16004 8361
15912 8362
15808 8361
15693 8355
15568 8346
15432 8335
15286 8326
15131 8315
14974 8300
14815 8281
14648 8260
14473 8239
14301 8221
14133 8205
13966 8188
13795 8171
13625 8154
13454 8139
13285 8125
13119 8115
12960 8105
12806 8093
12653 8080
12494 8072
12336 8066
12187 8059
12048 8053
11915 8052
11784 8052
11651 8053
11524 8059
11410 8067
11309 8072
11216 8075
11135 8079
11069 8086
11020 8094
10987 8101
10974 8107
10981 8110
11007 8107
11050 8097
11108 8082
11177 8058
11256 8022
11343 7973
11442 7914
11557 7845
11685 7768
11817 7683
11947 7592
12078 7494
12219 7381
12366 7253
12513 7111
12656 6968
12798 6822
12935 6670
13073 6503
13214 6327
13354 6148
13488 5970
13621 5795
13749 5625
13873 5454
13991 5279
14106 5105
14217 4939
14320 4782
14415 4633
14509 4490
14602 4351
14689 4217
14763 4095
14829 3991
14889 3902
14943 3817
14988 3738
15025 3674
15053 3625
15071 3587
15081 3558
15087 3541
15090 3536
15087 3548
15076 3575
15057 3615
15034 3669
15004 3742
14964 3829
14918 3927
14878 4038
14835 4167
14787 4310
14736 4463
14682 4624
14619 4796
14548 4977
14480 5170
14419 5376
14355 5592
14286 5816
14215 6048
14146 6284
14074 6519
14000 6758
13927 7005
13853 7265
13779 7527
13707 7785
13638 8042
13572 8304
13513 8567
13460 8833
13406 9102
13346 9369
13291 9624
13247 9865
13208 10096
13169 10312
13135 10517
13108 10709
13089 10884
13073 11031
13064 11153
13063 11251
13072 11327
13089 11372
13112 11383
13142 11362
13179 11316
13230 11248
13287 11154
13344 11033
13400 10891
13463 10739
13534 10577
13611 10398
13687 10202
13760 9996
13833 9787
13913 9580
13993 9374
14072 9166
14155 8958
14244 8753
14334 8556
14420 8366
14506 8183
14594 8006
14685 7837
14775 7671
14865 7510
14954 7364
15046 7231
15141 7102
15234 6977
15320 6868
15402 6782
15485 6709
15568 6643
15653 6588
15736 6550
15814 6527
15882 6516
15947 6516
16014 6533
16080 6570
16141 6621
16202 6683
16261 6756
16314 6841
16360 6942
16408 7062
16460 7198
16509 7338
16548 7477
16582 7619
16614 7774
16645 7944
16676 8124
16712 8311
16743 8501
16767 8690
16782 8881
16799 9077
16815 9279
16832 9486
16850 9694
16867 9901
16875 10106
16876 10308
16872 10512
16869 10717
16865 10921
16860 11110
16855 11288
16852 11463
16848 11640
16839 11810
16828 11971
16821 12120
16813 12251
16796 12359
16773 12453
16750 12535
16725 12597
16690 12629
16652 12642
16617 12649
16582 12650
16536 12623
16472 12565
16396 12487
16316 12403
16229 12307
16133 12191
16031 12054
15926 11902
15815 11737
15697 11565
15574 11389
15443 11199
15304 10987
15162 10763
15031 10547
14907 10334
14779 10115
14646 9882
14519 9647
14403 9413
14294 9179
14191 8947
14087 8719
13984 8493
13884 8264
13797 8039
13723 7829
13659 7631
13598 7437
13538 7244
13484 7063
13439 6896
13403 6743
13372 6597
13345 6462
13324 6338
13312 6227
13306 6126
13300 6035
13293 5953
13287 5880
13286 5813
13287 5760
13286 5719
13281 5688
13279 5664
13281 5652
13281 5650
13274 5652
13261 5657
13247 5671
13234 5697
13221 5731
13203 5770
13180 5819
13150 5877
13119 5937
13084 5999
13045 6070
13003 6152
12960 6237
12914 6326
12862 6423
12807 6530
12749 6645
12687 6770
12621 6900
12554 7035
12486 7175
12415 7322
12346 7472
12275 7631
12200 7799
12122 7971
12045 8140
11968 8312
11892 8493
11815 8680
11739 8861
11660 9035
11584 9207
11513 9382
11451 9554
11392 9716
11333 9870
11277 10018
11227 10156
11184 10278
11146 10383
11112 10482
11078 10578
11050 10664
11032 10731
11025 10779
11023 10818
11018 10848
11000 10863
