15899 3161
15882 3197
15857 3204
15828 3202
15796 3207
15756 3214
15703 3215
15644 3209
15578 3196
15498 3175
15399 3142
15283 3107
15157 3075
15022 3045
14882 3009
14735 2972
14579 2934
14421 2897
14271 2864
14126 2844
13982 2837
13843 2837
13725 2843
13633 2856
13565 2887
13520 2936
13497 3002
13497 3077
13528 3161
13596 3257
13704 3373
13841 3505
13996 3649
14158 3799
14326 3952
14500 4110
14675 4275
14845 4446
15005 4617
15143 4779
15254 4926
15336 5050
15395 5147
15429 5216
15437 5260
15415 5280
15362 5280
15284 5266
15182 5232
15049 5177
14881 5108
14687 5040
14481 4977
14270 4918
14055 4864
13835 4822
13608 4796
13372 4783
13138 4780
12915 4790
12708 4818
12515 4868
12339 4939
12180 5029
12044 5136
11937 5253
11861 5382
11817 5531
11813 5702
11846 5876
11908 6044
11993 6206
12104 6372
12242 6534
12401 6683
12571 6809
12746 6914
12927 6995
13108 7049
13281 7075
13448 7077
13615 7053
13781 7000
13944 6926
14098 6839
14237 6743
14358 6627
14468 6495
14576 6351
14681 6205
14777 6055
14862 5910
14937 5769
15002 5630
15061 5487
15115 5349
15167 5224
15215 5117
15260 5018
15301 4917
15340 4818
15381 4734
15421 4670
15455 4622
15481 4583
15501 4551
15520 4529
15541 4517
15560 4515
15575 4528
15587 4557
15596 4603
15600 4657
15595 4716
15586 4784
15581 4867
15579 4965
15575 5075
15566 5192
15554 5317
15546 5450
15541 5592
15534 5742
15521 5899
15501 6065
15480 6238
15461 6413
15440 6589
15414 6773
15386 6969
15359 7173
15339 7379
15325 7585
15314 7792
15306 8005
15295 8227
15279 8453
15261 8675
15245 8889
15234 9097
15225 9299
15214 9490
15206 9679
15200 9870
15194 10059
15186 10238
15175 10410
15166 10570
15155 10717
15140 10851
15120 10977
15099 11090
15085 11189
15080 11279
15079 11363
15074 11431
15068 11483
15061 11524
15047 11563
15025 11591
15006 11603
14999 11598
14999 11588
14995 11571
14987 11549
14974 11512
14960 11463
14946 11399
14934 11323
14926 11232
14916 11131
14903 11019
14877 10891
14837 10744
14782 10585
14721 10422
14661 10246
14601 10056
14537 9848
14462 9625
14376 9390
14283 9158
14184 8934
14077 8714
13951 8485
13808 8246
13661 8013
13520 7802
13380 7620
13234 7455
13085 7301
12940 7156
12805 7033
12672 6929
12538 6841
12410 6764
12298 6702
12197 6651
12099 6609
11999 6577
11904 6557
11818 6549
11739 6549
11664 6550
11593 6548
11526 6545
11460 6546
11392 6553
11326 6560
11266 6562
11212 6559
11160 6554
11106 6553
11053 6555
11004 6554
10959 6542
10919 6521
10884 6500
10853 6480
10828 6460
10811 6435
10807 6410
10821 6388
10854 6375
10902 6367
10967 6363
11049 6362
11147 6372
11261 6399
11394 6439
11546 6491
11716 6554
11907 6638
12116 6734
12331 6836
12533 6940
12720 7050
12898 7164
13076 7291
13246 7428
13400 7564
13528 7689
13628 7812
13707 7941
13768 8075
13807 8202
13822 8316
13814 8417
13781 8513
13723 8605
13641 8692
13534 8772
13399 8847
13246 8916
13084 8976
12910 9028
12721 9077
12521 9122
12326 9152
12137 9168
11952 9172
11771 9168
11599 9157
11436 9137
11277 9104
11127 9057
10994 8997
10885 8930
10801 8852
10739 8762
10694 8654
10667 8533
10660 8400
10673 8260
10708 8112
10763 7954
10830 7783
10902 7607
10979 7429
11068 7253
11171 7071
11284 6879
11401 6680
11520 6487
11633 6304
11741 6123
11851 5937
11967 5743
12086 5555
12202 5373
12315 5204
12421 5040
12523 4878
12621 4713
12714 4550
12801 4397
12887 4259
12975 4129
13061 4001
13136 3875
13201 3759
13261 3656
13321 3562
13381 3479
13437 3407
13481 3345
13515 3294
13548 3257
13586 3236
13623 3228
13654 3231
13677 3246
13693 3276
13701 3326
13707 3395
13720 3480
13734 3581
13741 3702
13741 3842
13741 3993
13741 4154
13735 4339
13721 4556
13702 4794
13680 5036
13654 5283
13627 5547
13602 5835
13574 6142
13536 6463
13493 6793
13449 7131
13404 7467
13357 7801
13310 8145
13261 8512
13217 8895
13181 9265
13152 9605
13119 9926
13085 10244
13058 10553
13043 10838
13038 11090
13039 11301
13044 11475
13052 11615
13064 11724
13085 11793
13117 11820
13153 11809
13192 11766
13233 11695
13278 11597
13325 11469
13378 11311
13438 11134
13505 10948
13579 10753
13659 10543
13740 10316
13821 10082
13900 9847
13974 9614
14046 9380
14121 9140
14200 8899
14275 8663
14341 8438
14401 8224
14460 8019
14521 7817
14581 7617
14636 7423
14683 7247
14722 7089
14749 6946
14768 6817
14787 6704
14807 6608
14826 6537
14842 6492
14859 6471
14872 6477
14884 6512
14906 6575
14942 6662
14983 6783
15028 6948
15090 7152
15177 7379
15272 7621
15361 7877
15447 8153
15534 8442
15620 8737
15702 9027
15783 9309
15858 9571
15919 9807
15959 10011
15979 10188
15985 10337
15978 10458
15957 10548
15923 10604
15884 10631
15837 10641
15776 10644
15698 10631
15614 10597
15529 10549
15440 10502
15344 10455
15244 10400
15135 10336
15010 10271
14875 10208
14743 10151
14608 10095
14456 10039
14295 9976
14137 9911
13980 9843
13809 9777
13627 9710
13446 9645
13274 9575
13105 9500
12933 9426
12759 9355
12590 9285
12432 9210
12282 9132
12138 9049
12003 8966
11877 8881
11764 8795
11658 8706
11558 8610
11463 8511
11376 8410
11303 8311
11244 8210
11197 8104
11152 7994
11111 7892
11079 7799
11057 7707
11038 7611
11025 7514
11020 7423
11019 7339
11014 7264
11006 7194
10999 7124
10999 7053
11006 6989
11014 6937
11020 6897
11021 6865
11020 6838
11021 6812
11021 6790
11015 6778
11001 6782
10981 6792
10960 6809
10941 6833
10920 6867
10897 6907
10868 6955
10830 7012
10781 7077
10728 7150
10675 7232
10621 7321
10563 7417
10496 7529
10416 7656
10329 7796
10236 7944
10136 8102
10023 8270
9901 8454
9773 8654
9645 8864
9525 9070
9417 9268
9313 9457
9212 9637
9113 9808
9016 9967
8923 10115
8843 10248
8782 10363
8733 10459
8689 10543
8646 10618
8610 10683
8587 10730
8575 10766
8561 10798
