13239 2580
13163 2560
13096 2539
13018 2516
12913 2491
12784 2462
12643 2432
12501 2405
12356 2386
12206 2371
12049 2360
11890 2352
11734 2345
11589 2339
11450 2337
11316 2343
11194 2364
11094 2398
11013 2438
10951 2479
10913 2524
10902 2579
10918 2644
10964 2711
11043 2780
11152 2856
11283 2939
11440 3027
11627 3126
11837 3244
12055 3368
12268 3483
12466 3583
12651 3676
12822 3762
12974 3843
13097 3917
13190 3977
13252 4024
13282 4057
13277 4081
13241 4096
13181 4107
13101 4115
13000 4120
12874 4119
12724 4120
12557 4129
12387 4146
12217 4170
12046 4202
11863 4244
11673 4301
11485 4373
11305 4455
11133 4537
10971 4629
10825 4743
10701 4875
10599 5012
10513 5152
10451 5300
10414 5452
10403 5599
10413 5747
10446 5900
10505 6059
10590 6213
10692 6355
10805 6481
10928 6589
11064 6682
11212 6764
11365 6827
11520 6866
11675 6887
11827 6894
11975 6880
12116 6837
12254 6767
12386 6674
12507 6559
12612 6425
12709 6279
12802 6122
12890 5951
12968 5767
13037 5582
13102 5401
13161 5218
13209 5028
13253 4842
13300 4666
13349 4501
13392 4345
13429 4201
13466 4069
13506 3953
13543 3855
13577 3774
13605 3712
13636 3670
13664 3645
13690 3634
13711 3640
13737 3673
13763 3729
13786 3798
13802 3878
13820 3978
13835 4097
13848 4232
13855 4379
13855 4542
13847 4712
13840 4884
13833 5056
13831 5243
13830 5449
13830 5672
13825 5899
13817 6121
13805 6339
13792 6558
13775 6786
13753 7026
13731 7267
13719 7501
13719 7728
13719 7955
13713 8179
13706 8400
13707 8624
13713 8849
13714 9060
13708 9244
13700 9406
13694 9559
13686 9705
13674 9832
13665 9934
13660 10016
13659 10086
13660 10148
13660 10199
13660 10238
13659 10259
13661 10264
13665 10253
13668 10233
13672 10201
13675 10159
13679 10106
13679 10048
13681 9983
13691 9910
13706 9828
13720 9737
13732 9641
13749 9542
13766 9436
13776 9323
13775 9201
13773 9070
13772 8939
13766 8805
13742 8666
13706 8518
13661 8361
13606 8194
13538 8026
13465 7867
13384 7713
13282 7553
13152 7385
13000 7224
12832 7079
12650 6944
12453 6806
12241 6664
12017 6529
11788 6411
11556 6308
11316 6212
11067 6124
10810 6045
10551 5971
10293 5897
10040 5829
9797 5776
9572 5744
9371 5723
9192 5701
9041 5676
8925 5659
8847 5658
8797 5663
8776 5669
8788 5676
8836 5687
8916 5703
9028 5724
9172 5756
9350 5804
9555 5865
9777 5926
10006 5984
10234 6045
10459 6118
10684 6204
10909 6294
11125 6380
11320 6460
11494 6541
11653 6627
11789 6709
11900 6781
11985 6848
12047 6914
12079 6980
12081 7043
12049 7101
11994 7151
11921 7194
11827 7229
11707 7259
11567 7288
11411 7321
11238 7354
11050 7380
10852 7400
10647 7426
10432 7460
10207 7494
9975 7521
9741 7542
9507 7560
9273 7574
9038 7587
8805 7600
8581 7614
8371 7626
8178 7636
8002 7646
7845 7652
7713 7649
7608 7632
7519 7597
7442 7549
7386 7497
7354 7442
7340 7376
7342 7298
7361 7210
7397 7111
7448 6998
7506 6870
7569 6732
7639 6581
7719 6417
7804 6248
7889 6076
7972 5900
8055 5716
8139 5526
8221 5335
8305 5146
8388 4954
8473 4760
8555 4566
8633 4373
8707 4183
8782 3999
8860 3824
8935 3658
9002 3497
9066 3338
9129 3188
9192 3051
9250 2929
9307 2817
9357 2709
9399 2608
9431 2527
9465 2473
9498 2441
9525 2423
9542 2415
9560 2415
9581 2432
9601 2474
9614 2540
9621 2626
9627 2725
9635 2839
9640 2966
9636 3105
9626 3257
9615 3426
9611 3617
9606 3824
9598 4036
9572 4245
9535 4459
9501 4695
9489 4962
9488 5246
9480 5528
9460 5794
9440 6051
9430 6318
9428 6604
9426 6901
9416 7192
9400 7463
9381 7712
9366 7954
9354 8194
9339 8429
9320 8638
9307 8819
9300 8976
9288 9113
9266 9226
9241 9317
9224 9387
9211 9430
9204 9442
9205 9428
9216 9389
9233 9327
9257 9241
9287 9131
9317 9004
9345 8870
9385 8731
9438 8582
9493 8416
9545 8241
9601 8068
9664 7899
9727 7727
9791 7551
9861 7379
9938 7218
10013 7063
10086 6912
10166 6769
10253 6637
10338 6517
10420 6409
10507 6311
10598 6222
10686 6142
10772 6076
10866 6027
10967 5995
11064 5980
11156 5982
11254 6002
11362 6036
11483 6082
11602 6136
11717 6202
11828 6283
11949 6381
12074 6490
12207 6609
12346 6745
12490 6891
12623 7037
12748 7181
12874 7337
13003 7501
13122 7664
13230 7821
13325 7983
13413 8155
13494 8334
13570 8506
13629 8658
13660 8789
13658 8906
13631 9020
13582 9131
13518 9232
13436 9316
13333 9382
13201 9434
13045 9474
12872 9503
12689 9518
12499 9517
12297 9502
12077 9484
11842 9462
11602 9430
11365 9383
11127 9323
10890 9261
10660 9196
10438 9128
10217 9050
9998 8961
9790 8867
9598 8776
9416 8688
9231 8590
9054 8475
8897 8349
8761 8227
8637 8109
8517 7987
8402 7850
8302 7705
8221 7565
8156 7439
8102 7324
8058 7208
8024 7085
7999 6961
7979 6843
7959 6732
7940 6630
7924 6533
7912 6443
7906 6358
7905 6282
7906 6216
7906 6168
7907 6137
7913 6121
7919 6111
7926 6112
7934 6131
7944 6171
7954 6228
7971 6301
7994 6394
8019 6504
8041 6627
8062 6759
8079 6901
8092 7055
8107 7225
8132 7410
8160 7600
8181 7785
8200 7968
8222 8161
8245 8355
8263 8537
8280 8704
8296 8864
8307 9018
8310 9158
8307 9279
8297 9385
8285 9479
8270 9559
8253 9620
8231 9660
8202 9680
