15621 3381
15575 3394
15527 3388
15472 3373
15409 3353
15333 3323
15243 3281
15139 3240
15025 3203
14897 3164
14752 3117
14594 3072
14430 3027
14265 2983
14096 2942
13925 2909
13752 2879
13581 2855
13421 2842
13285 2849
13177 2872
13098 2912
13049 2968
13030 3032
13041 3101
13084 3177
13166 3274
13285 3390
13437 3517
13615 3650
13810 3792
14012 3944
14215 4101
14416 4258
14611 4415
14792 4576
14954 4738
15094 4880
15210 4991
15296 5082
15349 5165
15372 5234
15368 5275
15335 5285
15276 5273
15193 5255
15089 5232
14959 5195
14806 5141
14637 5080
14457 5030
14269 4993
14071 4958
13860 4920
13641 4885
13426 4857
13218 4836
13012 4829
12804 4839
12603 4861
12415 4885
12245 4914
12094 4961
11970 5033
11872 5128
11799 5243
11750 5365
11726 5488
11732 5620
11772 5770
11854 5928
11969 6081
12108 6225
12252 6358
12397 6477
12545 6580
12706 6671
12879 6748
13049 6805
13208 6835
13358 6846
13506 6841
13644 6814
13775 6759
13899 6684
14014 6599
14112 6508
14201 6405
14284 6289
14365 6162
14438 6028
14508 5891
14569 5760
14621 5638
14667 5519
14716 5401
14765 5280
14809 5158
14848 5038
14886 4930
14922 4838
14953 4752
14982 4664
15008 4574
15027 4494
15042 4427
15059 4373
15075 4327
15087 4289
15095 4257
15100 4236
15102 4229
15105 4241
15109 4265
15112 4300
15114 4344
15114 4400
15114 4474
15115 4570
15114 4681
15103 4798
15086 4923
15069 5061
15052 5214
15034 5387
15013 5582
14992 5795
14975 6015
14959 6242
14940 6487
14915 6755
14891 7043
14869 7339
14851 7638
14829 7934
14806 8231
14781 8533
14759 8844
14735 9163
14712 9483
14689 9786
14664 10065
14634 10326
14608 10580
14586 10820
14562 11031
14528 11209
14492 11357
14457 11476
14422 11568
14383 11631
14349 11665
14320 11670
14299 11658
14279 11629
14259 11577
14241 11502
14230 11411
14220 11304
14212 11184
14212 11056
14220 10923
14224 10781
14228 10630
14237 10473
14252 10313
14272 10154
14295 10001
14319 9848
14335 9682
14348 9507
14360 9334
14370 9167
14374 9001
14370 8829
14356 8647
14336 8460
14307 8280
14262 8108
14194 7934
14111 7744
14018 7544
13913 7344
13786 7153
13639 6964
13472 6780
13288 6600
13097 6429
12906 6268
12710 6124
12510 5994
12308 5877
12115 5769
11931 5671
11758 5593
11598 5549
11469 5539
11380 5558
11334 5595
11323 5648
11346 5713
11403 5793
11499 5899
11634 6035
11802 6192
11989 6356
12195 6534
12419 6734
12652 6955
12877 7190
13097 7434
13309 7678
13500 7917
13656 8155
13784 8385
13889 8603
13965 8803
14004 8986
14006 9142
13973 9267
13903 9368
13798 9453
13662 9519
13501 9560
13321 9584
13150 9600
13004 9603
12866 9586
12699 9549
12503 9503
12306 9455
12122 9403
11945 9343
11788 9270
11667 9187
11575 9092
11486 8974
11390 8825
11300 8657
11232 8486
11200 8310
11202 8121
11237 7925
11287 7724
11343 7520
11398 7308
11454 7095
11495 6879
11517 6659
11547 6440
11610 6232
11704 6028
11807 5817
11916 5601
12029 5396
12145 5206
12256 5024
12361 4840
12462 4657
12561 4477
12655 4308
12746 4158
12836 4023
12927 3892
13014 3758
13096 3630
13173 3516
13249 3416
13320 3329
13387 3251
13457 3182
13526 3122
13584 3076
13633 3047
13682 3036
13735 3037
13781 3048
13817 3070
13848 3107
13876 3162
13896 3236
13907 3321
13910 3417
13913 3528
13915 3655
13910 3793
13894 3948
13870 4127
13840 4329
13807 4543
13775 4761
13741 4989
13701 5239
13654 5515
13608 5808
13567 6109
13523 6419
13467 6740
13402 7072
13340 7416
13280 7770
13220 8122
13155 8457
13090 8772
13028 9075
12970 9372
12918 9664
12872 9943
12835 10197
12806 10412
12788 10585
12779 10724
12777 10833
12778 10909
12784 10947
12798 10948
12822 10917
12856 10863
12903 10786
12964 10682
13037 10550
13113 10404
13191 10255
13273 10104
13359 9943
13446 9764
13534 9573
13625 9381
13715 9199
13806 9019
13895 8833
13981 8645
14061 8465
14136 8296
14207 8136
14276 7985
14342 7847
14402 7717
14451 7599
14488 7503
14517 7428
14541 7365
14561 7316
14575 7290
14586 7293
14600 7323
14613 7377
14628 7461
14649 7581
14680 7744
14719 7944
14764 8168
14816 8403
14880 8650
14951 8909
15022 9168
15087 9412
15149 9634
15209 9836
15262 10026
15302 10206
15337 10372
15370 10513
15393 10624
15399 10701
15400 10755
15403 10789
15400 10809
15388 10812
15376 10803
15361 10784
15341 10760
15310 10725
15279 10683
15246 10638
15206 10597
15151 10555
15088 10512
15025 10467
14956 10430
14866 10400
14757 10375
14639 10354
14515 10343
14377 10339
14229 10339
14076 10340
13917 10341
13748 10341
13564 10339
13374 10335
13181 10332
12987 10330
12792 10327
12599 10315
12411 10298
12230 10275
12058 10244
11896 10197
11743 10142
11601 10079
11476 10007
11368 9924
11276 9837
11196 9742
11127 9631
11072 9508
11033 9382
11005 9255
10988 9121
10979 8976
10982 8824
10993 8675
11011 8537
11033 8402
11059 8264
11085 8120
11114 7983
11146 7857
11181 7744
11214 7639
11242 7538
11267 7439
11288 7344
11306 7257
11322 7178
11339 7110
11355 7050
11368 6996
11376 6955
11380 6932
11377 6921
11372 6913
11364 6915
11352 6926
11337 6947
11321 6978
11300 7022
11270 7077
11239 7144
11208 7217
11173 7297
11135 7384
11096 7483
11053 7591
11003 7708
10948 7833
10889 7969
10827 8111
10757 8256
10682 8409
10602 8581
10511 8771
10409 8973
10295 9179
10176 9399
10055 9639
9928 9898
9792 10158
9654 10403
9524 10622
9405 10822
9286 11007
9169 11183
9060 11347
8964 11498
8884 11621
8824 11700
