17279 2441
17242 2416
17176 2387
17086 2356
16973 2325
16844 2288
16703 2252
16557 2219
16403 2192
16236 2171
16055 2153
15866 2138
15684 2126
15512 2119
15348 2118
15190 2119
15045 2124
14924 2137
14832 2158
14773 2189
14745 2231
14748 2283
14784 2344
14851 2412
14944 2485
15062 2560
15202 2638
15357 2720
15516 2808
15670 2895
15814 2971
15936 3031
16023 3078
16077 3111
16103 3130
16106 3139
16085 3136
16038 3117
15965 3088
15866 3056
15740 3025
15593 2988
15429 2951
15257 2919
15081 2897
14901 2883
14713 2878
14524 2882
14344 2896
14181 2923
14029 2967
13887 3024
13762 3095
13659 3178
13575 3270
13511 3370
13468 3479
13449 3596
13454 3719
13485 3853
13541 3990
13613 4119
13701 4230
13810 4340
13941 4457
14080 4570
14223 4660
14371 4726
14519 4774
14657 4807
14783 4820
14902 4804
15015 4757
15121 4688
15223 4609
15322 4524
15415 4425
15496 4308
15569 4177
15637 4046
15701 3921
15751 3793
15793 3660
15831 3527
15871 3397
15904 3272
15933 3155
15957 3051
15979 2962
15995 2883
16008 2810
16020 2747
16029 2702
16034 2676
16035 2666
16033 2664
16027 2674
16027 2703
16029 2748
16025 2802
16011 2869
15996 2955
15984 3056
15976 3168
15964 3292
15952 3427
15935 3572
15915 3728
15891 3892
15867 4068
15845 4252
15831 4447
15821 4651
15811 4869
15802 5098
15798 5337
15794 5578
15792 5825
15788 6084
15785 6353
15781 6626
15779 6896
15779 7160
15781 7415
15787 7669
15789 7924
15782 8172
15768 8394
15749 8589
15726 8760
15703 8909
15681 9034
15654 9136
15615 9208
15573 9253
15535 9278
15499 9286
15459 9262
15414 9206
15377 9133
15349 9052
15323 8958
15291 8839
15256 8703
15222 8557
15197 8406
15174 8251
15153 8093
15127 7929
15101 7761
15075 7588
15046 7412
15012 7234
14973 7062
14926 6896
14868 6735
14797 6574
14717 6419
14630 6271
14532 6128
14417 5984
14283 5838
14138 5697
13990 5572
13832 5463
13653 5353
13450 5242
13231 5140
13007 5054
12782 4977
12556 4910
12322 4858
12076 4818
11821 4778
11566 4734
11313 4696
11063 4667
10818 4643
10581 4619
10359 4599
10160 4590
9988 4586
9844 4583
9732 4586
9660 4603
9634 4627
9653 4652
9710 4675
9797 4693
9910 4709
10053 4734
10224 4775
10419 4826
10635 4879
10875 4931
11134 4987
11393 5049
11638 5119
11872 5200
12099 5285
12308 5363
12489 5434
12640 5507
12767 5576
12877 5638
12977 5698
13060 5764
13111 5825
13124 5875
13104 5911
13057 5936
12981 5954
12877 5969
12747 5984
12594 5997
12420 6012
12225 6021
12012 6025
11784 6032
11549 6051
11305 6077
11047 6107
10778 6141
10507 6173
10233 6199
9955 6222
9676 6251
9402 6281
9134 6312
8872 6342
8619 6373
8383 6400
8172 6427
7979 6454
7805 6481
7658 6502
7545 6516
7459 6524
7392 6523
7343 6506
7315 6474
7309 6432
7332 6387
7380 6338
7444 6278
7515 6198
7598 6098
7691 5983
7791 5862
7893 5737
7998 5602
8106 5456
8219 5302
8334 5143
8446 4980
8555 4810
8661 4634
8766 4455
8869 4272
8972 4087
9071 3910
9166 3741
9250 3577
9327 3414
9401 3250
9476 3090
9546 2944
9610 2815
9668 2693
9721 2575
9769 2460
9812 2357
9851 2266
9890 2202
9925 2155
9958 2124
9985 2095
10011 2076
10031 2072
10051 2097
10069 2143
10087 2201
10101 2269
10114 2356
10121 2460
10127 2575
10135 2707
10139 2862
10138 3034
10140 3216
10157 3409
10183 3617
10199 3835
10200 4061
10201 4304
10216 4571
10238 4847
10252 5108
10251 5354
10246 5602
10240 5858
10240 6115
10241 6365
10241 6603
10234 6826
10221 7031
10206 7221
10193 7394
10185 7541
10180 7658
10179 7747
10179 7810
10180 7848
10183 7863
10192 7849
10211 7801
10238 7728
10270 7639
10305 7534
10350 7405
10406 7253
10470 7088
10534 6917
10597 6742
10665 6555
10745 6359
10833 6165
10919 5984
11000 5812
11085 5644
11178 5478
11279 5316
11385 5168
11495 5041
11606 4934
11713 4840
11818 4763
11932 4706
12059 4668
12186 4642
12304 4632
12426 4642
12565 4677
12712 4731
12853 4804
12987 4890
13126 4992
13273 5115
13420 5261
13562 5424
13700 5595
13832 5765
13958 5946
14073 6146
14186 6367
14296 6591
14395 6812
14464 7023
14511 7227
14543 7430
14559 7636
14543 7830
14501 8006
14435 8166
14348 8312
14235 8439
14094 8548
13927 8638
13740 8707
13538 8757
13319 8794
13085 8817
12836 8819
12571 8804
12299 8778
12025 8743
11750 8697
11468 8636
11190 8569
10922 8498
10662 8420
10396 8325
10128 8218
9868 8116
9625 8021
9391 7920
9168 7806
8961 7685
8773 7563
8601 7440
8453 7313
8329 7183
8220 7050
8122 6917
8043 6785
7981 6652
7930 6519
7889 6396
7864 6286
7851 6182
7840 6079
7826 5984
7812 5898
7804 5822
7806 5752
7813 5694
7819 5650
7821 5620
7825 5603
7834 5602
7845 5614
7855 5640
7866 5686
7875 5760
7880 5860
7882 5976
7886 6103
7889 6243
7886 6392
7876 6546
7866 6702
7854 6856
7840 6998
7825 7124
7813 7231
7804 7326
7799 7418
