15179 2520
15124 2498
15074 2503
15016 2513
14945 2515
14864 2508
14771 2501
14664 2495
14544 2486
14415 2469
14276 2452
14134 2441
13989 2433
13840 2420
13683 2405
13520 2394
13353 2391
13190 2388
13033 2384
12888 2380
12748 2385
12613 2398
12485 2414
12373 2430
12281 2448
12208 2470
12150 2498
12112 2532
12109 2571
12144 2619
12210 2672
12299 2724
12412 2780
12549 2845
12707 2913
12879 2980
13059 3046
13241 3115
13417 3187
13585 3257
13740 3317
13874 3363
13981 3397
14062 3422
14121 3442
14156 3457
14167 3461
14149 3455
14105 3447
14041 3440
13963 3433
13867 3420
13755 3411
13631 3407
13501 3409
13367 3412
13230 3422
13091 3444
12947 3483
12805 3532
12671 3585
12546 3639
12423 3698
12305 3765
12197 3838
12102 3912
12017 3991
11941 4078
11876 4173
11827 4271
11795 4369
11782 4471
11783 4570
11796 4665
11816 4755
11848 4847
11897 4941
11961 5035
12037 5117
12124 5187
12222 5249
12325 5312
12436 5377
12560 5442
12692 5493
12821 5524
12947 5538
13070 5544
13191 5544
13305 5527
13418 5490
13526 5434
13626 5367
13716 5291
13802 5209
13886 5118
13969 5015
14047 4897
14122 4773
14194 4650
14261 4526
14322 4395
14380 4259
14435 4126
14488 3999
14540 3878
14589 3760
14632 3644
14676 3532
14720 3430
14761 3338
14795 3252
14822 3169
14846 3092
14869 3027
14893 2976
14916 2943
14933 2923
14941 2911
14947 2903
14960 2902
14974 2916
14981 2948
14982 2996
14980 3056
14974 3124
14966 3202
14961 3291
14961 3394
14959 3511
14950 3643
14938 3784
14929 3931
14919 4082
14906 4243
14895 4421
14890 4616
14888 4824
14884 5039
14882 5258
14886 5479
14887 5706
14881 5939
14873 6174
14868 6408
14866 6635
14863 6856
14854 7069
14834 7277
14812 7477
14799 7664
14798 7838
14800 7998
14801 8145
14800 8279
14795 8399
14787 8500
14775 8580
14760 8639
14741 8679
14726 8704
14709 8714
14691 8710
14670 8686
14650 8643
14628 8591
14611 8536
14600 8470
14593 8390
14581 8302
14567 8209
14553 8113
14540 8011
14527 7906
14514 7796
14499 7680
14486 7560
14475 7440
14464 7325
14449 7213
14433 7100
14421 6985
14408 6873
14388 6772
14364 6674
14334 6571
14295 6467
14249 6372
14202 6285
14149 6199
14082 6113
14004 6033
13923 5953
13837 5872
13733 5794
13611 5718
13473 5645
13322 5574
13157 5509
12983 5448
12803 5391
12616 5334
12415 5277
12203 5219
11992 5170
11784 5132
11573 5104
11350 5080
11120 5059
10886 5034
10658 5010
10435 4989
10222 4975
10027 4962
9854 4950
9700 4940
9560 4935
9441 4930
9346 4922
9267 4917
9205 4921
9166 4927
9157 4926
9173 4920
9213 4918
9274 4925
9349 4940
9439 4957
9545 4974
9667 4992
9797 5018
9936 5045
10090 5077
10259 5120
10431 5171
10600 5219
10773 5266
10954 5319
11134 5380
11303 5440
11463 5494
11621 5547
11773 5606
11915 5669
12040 5727
12148 5775
12245 5820
12337 5867
12417 5916
12479 5961
12524 5995
12558 6021
12579 6047
12586 6075
12573 6100
12539 6115
12485 6126
12418 6140
12343 6159
12259 6181
12158 6201
12039 6213
11904 6221
11757 6231
11603 6248
11438 6266
11263 6281
11071 6293
10867 6305
10656 6321
10446 6345
10236 6368
10021 6386
9796 6400
9566 6420
9333 6444
9103 6468
8879 6491
8668 6520
8466 6554
8273 6586
8090 6610
7925 6632
7781 6655
7659 6680
7554 6701
7466 6715
7399 6727
7355 6742
7333 6754
7325 6755
7328 6747
7337 6743
7358 6741
7395 6729
7441 6704
7485 6675
7527 6644
7568 6601
7610 6544
7655 6482
7704 6415
7755 6343
7807 6264
7853 6176
7895 6070
7937 5954
7983 5837
8031 5720
8076 5596
8118 5462
8160 5322
8206 5180
8258 5034
8314 4887
8372 4742
8428 4594
8484 4435
8541 4272
8605 4114
8669 3964
8731 3816
8789 3664
8851 3508
8914 3357
8979 3213
9042 3076
9106 2940
9167 2810
9227 2686
9288 2568
9348 2459
9400 2364
9443 2277
9487 2192
9529 2110
9565 2037
9596 1975
9632 1928
9669 1897
9700 1881
9722 1876
9741 1881
9761 1901
9780 1941
9795 2001
9807 2076
9814 2162
9819 2261
9827 2375
9841 2506
9848 2656
9844 2825
9836 3013
9843 3215
9857 3419
9866 3623
9857 3836
9845 4072
9835 4323
9831 4574
9823 4821
9811 5065
9796 5312
9784 5566
9775 5827
9766 6089
9755 6342
9740 6584
9722 6816
9705 7038
9688 7249
9672 7448
9655 7631
9638 7794
9620 7933
9605 8052
9593 8156
9584 8239
9575 8295
9570 8327
9568 8342
9570 8339
9573 8309
9583 8252
9604 8175
9639 8083
9677 7974
9713 7850
9750 7712
9798 7562
9859 7401
9925 7237
9987 7072
10050 6903
10121 6726
10203 6547
10288 6372
10373 6203
10454 6039
10533 5883
10612 5736
10695 5598
10784 5474
10869 5364
10952 5267
11035 5184
11118 5114
11201 5055
11286 5014
11373 4994
11459 4993
11546 5007
11639 5043
11739 5100
11838 5167
11938 5247
12044 5353
12164 5492
12295 5650
12427 5822
12549 6000
12656 6182
12759 6370
12864 6573
12972 6791
13074 7005
13165 7207
13233 7391
13273 7571
13292 7756
13305 7946
13307 8131
13285 8304
13237 8460
13170 8598
13082 8719
12977 8825
12855 8918
12719 8994
12560 9050
12379 9087
12178 9109
11962 9124
11742 9131
11521 9128
11299 9115
11075 9088
10850 9040
10626 8975
10409 8903
10204 8829
10011 8748
9823 8658
9639 8561
9462 8457
9295 8342
9141 8220
9008 8096
8896 7973
8796 7844
8698 7704
8609 7560
8532 7425
8468 7303
8408 7187
8354 7072
8303 6954
8260 6837
8222 6726
8190 6624
8161 6526
8133 6431
8100 6343
8067 6266
8039 6200
8013 6141
7985 6093
7961 6053
7944 6023
7928 6003
7911 5991
7895 5987
7884 5996
7874 6027
7866 6082
7858 6150
7852 6222
7851 6302
7859 6402
7872 6522
7885 6657
7896 6798
7910 6945
7924 7099
7937 7259
7944 7419
7950 7580
7956 7746
7966 7917
7975 8082
7980 8231
7981 8363
7980 8489
7980 8612
7981 8727
7981 8827
7974 8913
7958 8991
7941 9066
7940 9139
