15900 3198
15879 3166
15861 3151
15841 3133
15810 3107
15772 3081
15731 3059
15692 3035
15650 3007
15601 2975
15542 2940
15480 2900
15420 2859
15361 2825
15301 2799
15234 2774
15161 2747
15087 2713
15014 2679
14939 2652
14861 2633
14786 2613
14713 2587
14640 2559
14566 2538
14493 2525
14425 2519
14360 2513
14299 2506
14239 2500
14180 2499
14124 2500
14073 2500
14030 2500
13994 2500
13963 2499
13934 2499
13910 2506
13892 2519
13883 2532
13879 2545
13883 2566
13893 2598
13914 2633
13943 2665
13979 2700
14015 2744
14061 2793
14120 2845
14190 2898
14259 2957
14331 3024
14412 3105
14503 3192
14599 3279
14699 3366
14804 3457
14913 3556
15026 3671
15140 3800
15254 3933
15366 4054
15476 4166
15586 4285
15692 4419
15788 4561
15872 4697
15945 4818
16004 4923
16046 5019
16071 5106
16080 5173
16076 5213
16053 5230
16017 5238
15967 5241
15902 5237
15819 5223
15728 5196
15630 5161
15527 5121
15417 5079
15302 5039
15180 5004
15049 4973
14917 4949
14790 4933
14669 4923
14544 4918
14417 4923
14288 4936
14164 4963
14044 5003
13934 5057
13830 5117
13728 5182
13625 5256
13520 5349
13417 5462
13318 5584
13230 5709
13152 5844
13082 5995
13013 6162
12955 6339
12911 6523
12882 6713
12858 6910
12843 7113
12837 7321
12841 7528
12856 7725
12888 7909
12938 8080
12997 8240
13058 8380
13120 8491
13190 8573
13266 8631
13344 8666
13429 8675
13527 8661
13635 8626
13747 8575
13859 8501
13972 8400
14088 8273
14206 8130
14322 7978
14433 7818
14541 7644
14654 7450
14768 7241
14875 7034
14974 6833
15071 6633
15165 6428
15250 6220
15328 6012
15407 5804
15483 5604
15552 5422
15617 5251
15685 5089
15749 4933
15808 4787
15863 4652
15915 4529
15955 4416
15988 4311
16020 4215
16055 4131
16088 4060
16110 4002
16121 3962
16127 3942
16134 3937
16141 3937
16149 3942
16149 3961
16135 4001
16114 4061
16095 4135
16079 4220
16056 4322
16028 4446
15995 4589
15955 4748
15912 4921
15869 5110
15831 5314
15790 5530
15745 5759
15696 6003
15647 6269
15594 6552
15534 6839
15473 7121
15415 7398
15359 7678
15295 7970
15225 8279
15160 8593
15105 8901
15053 9200
15000 9500
14945 9806
14894 10118
14849 10423
14807 10706
14770 10965
14741 11212
14718 11453
14693 11675
14665 11865
14640 12019
14624 12139
14609 12220
14590 12259
14569 12259
14555 12225
14548 12158
14549 12056
14554 11923
14565 11762
14578 11579
14592 11373
14611 11149
14640 10918
14673 10681
14699 10435
14721 10181
14747 9926
14779 9673
14809 9425
14832 9180
14855 8938
14880 8698
14906 8465
14929 8244
14947 8032
14962 7823
14974 7618
14981 7423
14983 7243
14981 7078
14971 6918
14948 6758
14917 6603
14882 6458
14841 6328
14791 6210
14733 6102
14672 6009
14607 5931
14530 5862
14442 5800
14348 5749
14255 5706
14156 5669
14048 5639
13930 5617
13806 5604
13677 5598
13546 5599
13411 5605
13272 5614
13124 5626
12972 5634
12821 5639
12673 5646
12525 5660
12376 5679
12225 5694
12072 5707
11918 5720
11775 5734
11652 5746
11540 5755
11431 5766
11333 5775
11256 5780
11205 5781
11169 5780
11148 5780
11146 5780
11163 5780
11198 5779
11250 5780
11320 5786
11403 5794
11502 5799
11611 5800
11728 5806
11852 5819
11988 5833
12137 5846
12298 5859
12464 5878
12632 5905
12805 5939
12990 5978
13183 6020
13377 6065
13565 6112
13747 6165
13922 6225
14094 6292
14262 6363
14429 6440
14590 6525
14741 6614
14879 6699
15009 6780
15131 6866
15238 6960
15331 7053
15412 7141
15478 7227
15526 7314
15560 7401
15574 7483
15566 7556
15535 7616
15485 7669
15414 7718
15326 7756
15218 7776
15093 7783
14951 7787
14798 7794
14632 7800
14449 7802
14252 7800
14047 7794
13835 7787
13621 7780
13407 7773
13189 7766
12964 7760
12740 7758
12524 7760
12317 7765
12114 7773
11915 7785
11720 7799
11534 7817
11358 7840
11194 7871
11043 7907
10909 7945
10789 7981
10676 8021
10573 8061
10489 8095
10431 8121
10396 8147
10379 8175
10376 8203
10393 8219
10429 8218
10481 8194
10543 8152
10616 8095
10703 8018
10803 7914
10912 7791
11029 7659
11153 7518
11285 7357
11420 7178
11553 6989
11681 6797
11810 6595
11947 6381
12092 6161
12240 5945
12381 5733
12519 5525
12660 5320
12808 5118
12953 4918
13091 4724
13220 4538
13342 4362
13462 4197
13581 4042
13697 3902
13802 3776
13895 3662
13983 3562
14069 3476
14150 3402
14217 3342
14269 3295
14311 3261
14348 3242
14378 3241
14397 3255
14402 3281
14397 3321
14388 3380
14375 3461
14356 3561
14329 3675
14295 3802
14250 3943
14198 4097
14144 4261
14092 4436
14037 4628
13974 4842
13901 5071
13826 5302
13754 5537
13686 5787
13614 6057
13539 6344
13467 6635
13399 6919
13333 7194
13265 7470
13201 7758
13145 8064
13087 8375
13026 8683
12965 8979
12912 9258
12869 9519
12833 9767
12804 10000
12779 10210
12758 10390
12738 10539
12728 10653
12731 10726
12752 10759
12786 10751
12832 10711
12885 10644
12954 10544
13039 10408
13135 10241
13233 10058
13337 9863
13446 9657
13563 9441
13687 9221
13818 9000
13949 8779
14078 8560
14202 8344
14326 8133
14453 7929
14583 7732
14711 7542
14831 7363
14950 7197
15069 7042
15191 6897
15315 6761
15440 6641
15557 6541
15667 6461
15770 6395
15873 6341
15971 6301
16061 6280
16142 6281
16216 6301
16288 6336
16357 6382
16416 6441
16461 6514
16498 6607
16533 6722
16564 6856
16586 6997
16598 7143
16606 7297
16608 7467
16607 7652
16608 7849
16609 8052
16601 8258
16583 8471
16561 8692
16540 8917
16515 9145
16486 9380
16456 9626
16427 9868
16394 10100
16354 10327
16313 10559
16276 10799
16240 11041
16194 11281
16142 11516
16094 11743
16049 11958
15991 12163
15916 12354
15830 12532
15741 12688
15648 12821
15550 12930
15448 13016
15337 13072
15215 13090
15081 13072
14946 13022
14815 12945
14686 12839
14550 12696
14406 12511
14255 12293
14104 12058
13959 11813
13825 11556
13693 11280
13558 10986
13422 10683
13296 10385
13175 10094
13051 9800
12926 9499
12811 9198
12704 8909
12606 8638
12512 8377
12418 8117
12326 7863
12243 7622
12171 7401
12104 7195
12045 7001
11992 6821
11943 6660
11899 6521
11866 6401
11838 6295
11807 6202
11773 6123
11745 6060
11720 6009
11696 5973
11676 5957
11664 5961
11648 5977
11626 5997
11606 6023
11594 6062
11580 6115
11561 6182
11536 6263
11511 6357
11483 6456
11457 6564
11430 6683
11406 6817
11376 6958
11335 7103
11287 7257
11242 7421
11200 7601
11154 7802
11103 8021
11048 8252
10988 8489
10920 8732
10849 8982
10781 9244
10709 9523
10627 9812
10537 10105
10450 10400
10362 10695
10277 10987
10194 11271
10116 11548
10039 11820
9971 12081
9913 12319
9862 12520
