15660 3182
15642 3193
15617 3191
15583 3184
15537 3170
15478 3142
15410 3099
15331 3047
15238 2989
15129 2927
15005 2866
14874 2809
14737 2751
14594 2688
14441 2625
14284 2566
14133 2515
13996 2470
13865 2442
13736 2431
13615 2428
13513 2425
13434 2434
13379 2464
13341 2514
13317 2573
13317 2636
13354 2704
13423 2782
13508 2875
13606 2988
13728 3118
13876 3258
14039 3400
14201 3540
14351 3680
14490 3821
14619 3961
14738 4098
14835 4224
14913 4332
14964 4419
14991 4492
14992 4553
14972 4597
14925 4620
14847 4626
14741 4618
14616 4592
14471 4549
14302 4496
14109 4439
13902 4384
13695 4338
13490 4304
13287 4278
13089 4257
12897 4239
12720 4229
12562 4230
12426 4242
12304 4268
12193 4310
12095 4367
12015 4435
11956 4516
11920 4615
11908 4733
11930 4860
11991 4976
12085 5076
12201 5168
12330 5262
12470 5354
12619 5438
12773 5511
12927 5572
13080 5612
13227 5630
13373 5639
13522 5644
13674 5633
13818 5598
13950 5544
14066 5482
14167 5415
14258 5342
14347 5263
14431 5175
14506 5074
14570 4967
14632 4867
14695 4773
14760 4674
14820 4566
14874 4459
14929 4363
14986 4279
15036 4199
15078 4120
15118 4038
15165 3958
15204 3890
15232 3839
15256 3793
15286 3738
15315 3678
15335 3629
15348 3603
15360 3592
15373 3579
15387 3560
15401 3544
15414 3537
15421 3542
15421 3558
15420 3583
15421 3618
15420 3657
15415 3702
15406 3758
15395 3828
15385 3912
15375 4003
15366 4098
15356 4197
15346 4308
15330 4438
15311 4584
15289 4733
15270 4878
15255 5023
15246 5182
15233 5362
15215 5558
15197 5764
15182 5967
15172 6171
15162 6378
15148 6596
15125 6824
15101 7064
15085 7313
15074 7566
15060 7815
15041 8060
15019 8302
15000 8541
14986 8777
14975 9005
14960 9217
14935 9410
14906 9589
14880 9770
14859 9952
14840 10118
14821 10254
14798 10365
14772 10463
14753 10557
14746 10643
14741 10719
14727 10778
14708 10818
14693 10844
14679 10862
14661 10871
14645 10869
14634 10856
14625 10835
14614 10809
14606 10782
14600 10750
14593 10703
14586 10643
14580 10575
14579 10507
14579 10436
14579 10362
14581 10277
14586 10182
14588 10077
14586 9968
14582 9851
14579 9721
14574 9582
14567 9442
14562 9301
14554 9150
14535 8988
14507 8817
14481 8645
14460 8469
14436 8293
14402 8116
14357 7935
14306 7741
14250 7540
14193 7344
14130 7161
14061 6986
13984 6802
13902 6601
13810 6397
13704 6206
13589 6029
13465 5855
13328 5679
13177 5499
13022 5324
12863 5158
12697 5005
12516 4857
12322 4711
12125 4569
11934 4441
11750 4334
11565 4247
11386 4177
11223 4121
11090 4076
10982 4041
10892 4021
10814 4020
10757 4040
10729 4081
10741 4142
10791 4216
10873 4300
10981 4396
11120 4513
11290 4651
11487 4803
11692 4958
11898 5117
12105 5282
12321 5465
12542 5664
12757 5867
12953 6066
13127 6262
13280 6460
13415 6656
13527 6845
13616 7019
13677 7174
13708 7305
13706 7414
13674 7506
13613 7586
13520 7648
13395 7684
13246 7698
13085 7701
12912 7707
12721 7714
12514 7719
12309 7721
12122 7725
11955 7734
11801 7745
11656 7754
11524 7765
11414 7781
11340 7802
11290 7816
11244 7813
11191 7796
11143 7767
11114 7723
11110 7660
11120 7584
11128 7497
11129 7399
11141 7289
11172 7163
11211 7028
11250 6894
11296 6763
11348 6626
11401 6478
11459 6321
11519 6160
11580 5995
11638 5832
11699 5668
11769 5505
11847 5340
11936 5178
12029 5020
12123 4866
12216 4714
12312 4559
12408 4400
12500 4245
12587 4099
12675 3959
12766 3819
12855 3679
12940 3543
13021 3418
13101 3305
13180 3199
13255 3093
13327 2986
13396 2879
13461 2777
13517 2684
13566 2604
13609 2531
13653 2463
13696 2404
13735 2358
13762 2322
13781 2291
13799 2269
13821 2263
13847 2273
13869 2295
13880 2334
13882 2396
13886 2474
13894 2557
13900 2653
13902 2769
13900 2906
13895 3056
13891 3222
13889 3402
13887 3597
13881 3801
13868 4017
13853 4248
13841 4497
13828 4758
13812 5023
13790 5292
13770 5569
13750 5858
13732 6159
13708 6467
13679 6771
13652 7063
13634 7337
13618 7597
13599 7850
13580 8099
13569 8334
13568 8542
13570 8718
13572 8863
13579 8979
13597 9063
13622 9111
13643 9123
13660 9106
13685 9069
13722 9018
13767 8949
13816 8852
13868 8730
13924 8598
13980 8467
14039 8331
14100 8182
14165 8016
14228 7846
14291 7680
14355 7519
14425 7360
14495 7199
14560 7038
14621 6884
14681 6742
14740 6611
14795 6489
14847 6378
14895 6275
14940 6181
14982 6102
15021 6046
15054 6009
15081 5986
15106 5976
15134 5985
15165 6015
15196 6065
15224 6134
15249 6225
15277 6341
15309 6479
15344 6634
15375 6806
15405 7000
15440 7222
15481 7463
15522 7711
15555 7957
15576 8210
15589 8480
15601 8765
15608 9047
15608 9311
15605 9551
15597 9766
15572 9955
15526 10121
15464 10267
15390 10390
15303 10487
15210 10555
15112 10601
15002 10626
14871 10633
14728 10619
14587 10586
14446 10538
14304 10478
14167 10405
14039 10318
13913 10216
13781 10102
13646 9982
13513 9862
13384 9737
13258 9602
13143 9450
13039 9292
12943 9136
12847 8986
12756 8830
12674 8661
12598 8481
12519 8304
12439 8138
12364 7983
12303 7838
12252 7700
12208 7564
12169 7427
12141 7294
12115 7173
12091 7068
12068 6972
12046 6878
12019 6784
11994 6698
11973 6622
11953 6558
11927 6503
11901 6456
11880 6417
11855 6390
11820 6378
11781 6372
11747 6364
11713 6359
11674 6368
11633 6392
11595 6424
11559 6459
11517 6498
11467 6543
11410 6598
11353 6663
11292 6739
11226 6824
11146 6913
11054 7004
10957 7098
10856 7198
10744 7310
10619 7432
10476 7559
10318 7686
10152 7812
9985 7943
9816 8084
9640 8243
9468 8414
9314 8586
9190 8747
9083 8895
8978 9029
8870 9149
8772 9247
8703 9332
8666 9405
8636 9456
8581 9461
