11977 2700
11951 2682
11924 2677
11897 2674
11870 2667
11840 2655
11806 2640
11769 2626
11732 2615
11694 2605
11655 2589
11614 2571
11570 2556
11519 2544
11462 2529
11407 2512
11355 2494
11299 2479
11236 2467
11172 2454
11109 2439
11045 2420
10976 2405
10906 2400
10834 2399
10760 2394
10687 2386
10614 2379
10540 2379
10461 2385
10380 2393
10299 2399
10220 2405
10145 2419
10074 2439
10005 2464
9933 2488
9859 2516
9791 2549
9733 2588
9683 2623
9634 2661
9589 2704
9547 2755
9515 2803
9493 2849
9477 2895
9465 2951
9458 3013
9458 3074
9464 3132
9476 3190
9499 3251
9536 3309
9580 3366
9623 3421
9665 3479
9718 3534
9784 3591
9858 3649
9933 3711
10012 3769
10093 3825
10177 3882
10267 3940
10366 3994
10467 4042
10558 4087
10647 4133
10751 4175
10867 4219
10979 4263
11078 4304
11176 4338
11277 4372
11382 4403
11484 4431
11585 4456
11683 4486
11780 4515
11870 4536
11953 4548
12032 4556
12108 4560
12172 4561
12222 4561
12258 4561
12288 4556
12310 4542
12323 4521
12329 4495
12324 4467
12309 4439
12284 4409
12250 4378
12202 4348
12144 4318
12081 4287
12014 4260
11942 4233
11867 4205
11789 4179
11707 4159
11621 4144
11534 4132
11446 4125
11355 4126
11265 4132
11174 4139
11085 4146
11001 4158
10918 4177
10833 4205
10751 4245
10679 4287
10617 4325
10559 4362
10506 4404
10457 4448
10413 4491
10372 4533
10337 4579
10307 4631
10282 4688
10261 4745
10249 4800
10241 4853
10237 4911
10233 4974
10231 5038
10238 5100
10251 5166
10269 5236
10294 5305
10330 5363
10368 5418
10404 5476
10440 5538
10484 5594
10538 5647
10598 5701
10659 5759
10726 5814
10798 5868
10873 5921
10951 5969
11033 6007
11119 6037
11206 6066
11293 6094
11379 6122
11467 6149
11559 6169
11654 6175
11746 6175
11835 6176
11926 6175
12015 6163
12100 6137
12181 6102
12260 6062
12341 6016
12421 5963
12495 5901
12562 5829
12622 5755
12675 5681
12722 5602
12767 5514
12809 5422
12847 5328
12881 5232
12915 5135
12946 5040
12974 4945
13001 4849
13027 4751
13053 4654
13075 4558
13099 4466
13122 4380
13140 4298
13153 4214
13168 4130
13186 4053
13201 3984
13209 3918
13211 3854
13215 3797
13225 3746
13235 3697
13240 3652
13236 3618
13232 3591
13228 3564
13225 3539
13221 3524
13221 3518
13221 3518
13215 3519
13201 3523
13186 3534
13175 3554
13165 3581
13150 3615
13131 3654
13110 3698
13090 3744
13069 3792
13052 3851
13035 3919
13014 3991
12986 4060
12960 4131
12939 4211
12920 4298
12900 4390
12876 4487
12851 4590
12824 4699
12796 4812
12764 4930
12736 5053
12709 5184
12684 5319
12660 5457
12640 5600
12625 5750
12609 5907
12586 6065
12561 6225
12539 6386
12520 6556
12505 6733
12488 6916
12471 7102
12455 7293
12440 7480
12425 7660
12410 7840
12396 8027
12382 8214
12371 8394
12361 8566
12353 8732
12341 8891
12326 9044
12313 9189
12307 9321
12306 9436
12302 9533
12292 9619
12281 9692
12273 9747
12267 9779
12261 9792
12248 9793
12232 9779
12217 9745
12205 9688
12188 9611
12166 9519
12146 9412
12134 9290
12121 9153
12101 9002
12073 8838
12046 8663
12027 8481
12012 8291
11993 8094
11974 7890
11959 7679
11946 7467
11933 7260
11921 7059
11912 6854
11900 6645
11886 6440
11874 6243
11865 6052
11854 5865
11845 5685
11841 5512
11839 5342
11835 5179
11826 5028
11816 4892
11806 4763
11790 4638
11767 4518
11738 4410
11707 4314
11665 4223
11608 4128
11542 4037
11476 3953
11408 3877
11332 3805
11241 3739
11137 3679
11028 3618
10920 3558
10809 3505
10692 3464
10571 3428
10451 3389
10327 3347
10204 3317
10087 3299
9984 3286
9880 3265
9770 3246
9660 3238
9567 3238
9486 3239
9415 3239
9347 3245
9287 3258
9232 3278
9194 3305
9171 3339
9161 3378
9157 3419
9164 3464
9182 3513
9211 3570
9249 3634
9299 3704
9357 3773
9417 3845
9485 3920
9564 4003
9651 4088
9739 4176
9829 4267
9927 4365
10037 4466
10153 4568
10268 4665
10378 4761
10489 4864
10606 4975
10722 5086
10830 5189
10928 5287
11016 5382
11101 5473
11184 5561
11262 5648
11327 5735
11374 5815
11406 5884
11434 5948
11458 6006
11471 6054
11464 6085
11440 6108
11404 6128
11353 6149
11284 6162
11198 6162
11099 6156
10988 6147
10865 6135
10734 6120
10597 6102
10454 6080
10302 6055
10147 6027
9993 5999
9839 5968
9685 5938
9533 5909
9389 5883
9252 5855
9123 5832
9004 5814
8897 5793
8797 5766
8702 5740
8617 5720
8548 5701
8496 5675
8456 5640
8427 5602
8411 5566
8413 5528
8430 5487
8457 5442
8495 5395
8546 5341
8608 5280
8674 5215
8744 5153
8819 5089
8898 5021
8980 4943
9065 4860
9153 4775
9246 4693
9340 4608
9434 4520
9527 4428
9615 4334
9700 4239
9781 4141
9861 4045
9940 3954
10015 3865
10087 3774
10155 3685
10220 3600
10282 3519
10341 3438
10395 3358
10441 3285
10482 3223
10522 3171
10556 3124
10581 3084
10596 3052
10607 3029
10616 3012
10622 3003
10621 3004
10610 3016
10593 3036
10576 3069
10559 3118
10536 3176
10507 3238
10475 3305
10444 3384
10410 3472
10378 3563
10344 3658
10305 3764
10261 3884
10220 4012
10185 4139
10154 4265
10119 4398
10081 4544
10046 4700
10013 4859
9979 5013
9947 5164
9920 5321
9893 5489
9861 5661
9831 5832
9802 6001
9776 6174
9750 6346
9729 6516
9709 6681
9690 6842
9669 6997
9651 7142
9633 7277
9619 7404
9610 7524
9607 7631
9609 7718
9614 7791
9623 7853
9637 7903
9663 7934
9705 7949
9757 7952
9806 7944
9857 7924
9919 7891
9991 7843
10066 7785
10141 7716
10214 7636
10286 7543
10354 7447
10425 7350
10501 7245
10579 7135
10654 7026
10726 6924
10801 6826
10879 6730
10955 6639
11028 6556
11097 6482
11159 6418
11210 6372
11259 6340
11309 6319
11358 6305
11401 6305
11446 6324
11495 6366
11545 6420
11589 6481
11632 6546
11679 6621
11728 6711
11779 6817
11829 6926
11874 7038
11913 7150
11951 7263
11992 7370
12025 7479
12047 7589
12058 7696
12068 7789
12071 7871
12063 7948
12039 8017
12003 8077
11951 8124
11888 8158
11819 8176
11743 8183
11652 8188
11540 8189
11409 8180
11265 8163
11113 8146
10959 8128
10799 8106
10624 8083
10441 8059
10260 8028
10080 7992
9897 7962
9720 7938
9557 7909
9397 7872
9236 7836
9084 7805
8954 7768
8837 7728
8728 7687
8628 7648
8549 7601
8492 7547
8451 7490
8422 7432
8404 7371
8397 7301
8396 7222
8404 7135
8424 7046
8457 6957
8492 6865
8531 6764
8575 6658
8624 6549
8669 6446
8711 6341
8756 6233
8805 6119
8850 6010
8891 5912
8930 5824
8971 5739
9011 5653
9045 5570
9070 5497
9093 5436
9116 5389
9135 5357
9142 5336
9142 5322
9141 5317
9141 5327
9136 5355
9121 5401
9096 5463
9067 5537
9035 5615
9001 5702
8961 5808
8915 5936
8867 6077
8820 6225
8769 6373
8717 6525
8665 6679
8615 6838
8563 7005
8511 7181
8460 7360
8412 7529
8366 7686
8326 7842
8286 8006
8245 8170
8207 8327
8178 8468
8152 8599
8126 8721
8106 8833
8093 8932
8079 9022
8060 9103
8044 9177
8037 9242
8041 9299
