14339 2439
14263 2443
14196 2436
14116 2421
14012 2401
13890 2380
13764 2361
13631 2340
13483 2314
13318 2286
13141 2261
12962 2239
12782 2214
12595 2185
12394 2159
12186 2145
11985 2138
11797 2132
11616 2126
11438 2126
11269 2131
11115 2139
10974 2152
10846 2173
10739 2198
10659 2221
10604 2245
10572 2272
10564 2305
10585 2346
10633 2393
10705 2439
10795 2481
10906 2526
11035 2573
11181 2619
11342 2666
11519 2719
11705 2778
11888 2840
12066 2906
12242 2974
12420 3040
12596 3101
12767 3161
12931 3220
13090 3276
13240 3328
13372 3375
13478 3414
13564 3448
13644 3481
13722 3514
13791 3541
13844 3561
13883 3580
13911 3601
13929 3621
13938 3635
13937 3641
13924 3641
13898 3640
13858 3640
13803 3641
13737 3641
13663 3635
13583 3620
13491 3600
13382 3586
13263 3580
13141 3573
13015 3560
12881 3546
12742 3539
12600 3539
12455 3540
12307 3539
12154 3538
12000 3544
11847 3563
11693 3597
11538 3638
11385 3685
11244 3739
11117 3798
10998 3858
10884 3924
10776 4004
10681 4097
10602 4196
10541 4298
10495 4409
10461 4538
10442 4677
10440 4819
10455 4960
10486 5106
10535 5253
10607 5400
10696 5546
10795 5693
10904 5846
11030 6004
11171 6156
11314 6287
11453 6399
11589 6497
11725 6573
11860 6615
11996 6628
12133 6627
12263 6612
12380 6574
12495 6514
12615 6433
12734 6333
12842 6212
12941 6073
13040 5917
13142 5743
13241 5562
13330 5381
13407 5200
13481 5015
13559 4826
13641 4634
13721 4445
13795 4259
13860 4078
13921 3903
13986 3737
14054 3582
14121 3443
14182 3317
14236 3197
14280 3083
14320 2976
14367 2886
14420 2815
14468 2766
14507 2735
14542 2720
14579 2722
14614 2741
14647 2775
14682 2821
14715 2880
14736 2961
14747 3067
14756 3191
14767 3322
14776 3457
14775 3603
14761 3763
14742 3936
14728 4119
14713 4309
14689 4505
14659 4709
14634 4924
14612 5151
14591 5384
14576 5620
14565 5858
14549 6099
14525 6346
14500 6600
14484 6854
14473 7099
14464 7339
14454 7590
14452 7859
14454 8135
14455 8404
14449 8656
14436 8883
14414 9082
14387 9269
14361 9450
14339 9617
14313 9751
14285 9858
14267 9947
14259 10025
14248 10086
14226 10128
14201 10146
14185 10141
14174 10114
14160 10066
14142 9999
14121 9912
14096 9810
14066 9698
14030 9576
13993 9444
13956 9304
13915 9151
13862 8982
13803 8802
13742 8621
13676 8442
13596 8260
13504 8069
13405 7872
13299 7674
13173 7483
13019 7299
12845 7124
12663 6954
12476 6784
12283 6613
12079 6450
11862 6298
11629 6156
11387 6016
11148 5888
10913 5782
10672 5695
10424 5617
10183 5545
9965 5483
9768 5431
9593 5383
9434 5344
9293 5318
9171 5302
9077 5292
9015 5291
8988 5298
8994 5310
9040 5324
9129 5351
9256 5396
9412 5446
9593 5496
9797 5552
10015 5622
10238 5703
10466 5793
10701 5891
10937 5992
11158 6093
11361 6198
11542 6309
11701 6419
11831 6518
11931 6608
12000 6691
12031 6768
12019 6832
11972 6883
11897 6923
11790 6957
11644 6983
11468 6996
11267 6994
11045 6986
10806 6986
10557 6999
10295 7014
10022 7021
9746 7022
9472 7020
9204 7014
8945 7006
8692 7001
8441 6999
8196 6995
7971 6988
7773 6975
7603 6956
7458 6930
7343 6898
7257 6852
7204 6784
7179 6698
7180 6603
7201 6502
7235 6392
7281 6269
7342 6132
7423 5981
7518 5822
7618 5661
7713 5502
7811 5341
7920 5170
8039 4987
8156 4801
8262 4619
8356 4438
8447 4259
8535 4084
8620 3918
8701 3759
8781 3605
8861 3453
8940 3303
9015 3157
9088 3023
9156 2908
9215 2810
9262 2723
9307 2644
9353 2575
9401 2516
9448 2474
9489 2450
9521 2441
9549 2443
9574 2456
9594 2481
9609 2521
9622 2581
9628 2662
9626 2756
9622 2855
9626 2962
9629 3088
9621 3236
9603 3396
9581 3564
9559 3739
9534 3923
9513 4112
9495 4308
9474 4518
9442 4745
9406 4977
9374 5206
9344 5436
9314 5679
9286 5937
9260 6200
9233 6462
9207 6717
9181 6962
9154 7195
9121 7420
9080 7647
9040 7882
9006 8116
8974 8332
8935 8526
8890 8705
8848 8873
8816 9025
8794 9154
8772 9260
8745 9347
8719 9416
8703 9461
8698 9476
8704 9461
8712 9426
8723 9375
8739 9306
8768 9213
8811 9093
8864 8956
8926 8811
8992 8661
9057 8502
9125 8337
9204 8167
9297 7990
9394 7805
9491 7616
9588 7430
9691 7247
9795 7069
9899 6894
10001 6729
10102 6571
10200 6423
10293 6283
10386 6156
10487 6042
10594 5942
10694 5856
10781 5782
10867 5721
10960 5676
11053 5647
11140 5634
11227 5639
11319 5667
11413 5721
11507 5795
11600 5876
11694 5962
11785 6063
11875 6182
11965 6316
12059 6458
12154 6605
12251 6758
12347 6914
12445 7079
12547 7268
12655 7471
12757 7667
12844 7838
12913 7997
12969 8154
13013 8310
13046 8456
13060 8590
13049 8712
13013 8824
12956 8920
12877 8998
12775 9054
12657 9095
12526 9126
12379 9149
12213 9160
12031 9155
11830 9132
11621 9100
11410 9063
11200 9026
10983 8988
10755 8950
10520 8908
10285 8851
10058 8781
9839 8708
9624 8640
9407 8574
9194 8502
8992 8423
8809 8336
8638 8242
8471 8137
8302 8022
8144 7896
8007 7766
7890 7634
7782 7507
7678 7382
7583 7249
7502 7100
7436 6945
7383 6799
7343 6671
7312 6548
7284 6418
7259 6280
7238 6150
7224 6037
7219 5937
7219 5839
7220 5744
7220 5657
7220 5581
7220 5521
7220 5482
7220 5462
7219 5451
7220 5442
7226 5442
7234 5461
7240 5501
7241 5560
7239 5635
7240 5727
7246 5835
7254 5961
7261 6102
7261 6256
7255 6423
7247 6605
7241 6793
7233 6979
7221 7161
7207 7346
7193 7534
7179 7721
7167 7902
7160 8076
7153 8242
7141 8399
7127 8544
7113 8672
7099 8784
7087 8884
7079 8977
7072 9056
7065 9122
7059 9179
