15019 3721
14982 3715
14937 3707
14882 3691
14818 3666
14744 3631
14658 3592
14552 3550
14429 3506
14297 3454
14162 3400
14023 3351
13876 3308
13715 3269
13546 3227
13378 3190
13222 3164
13082 3150
12955 3142
12840 3145
12740 3161
12664 3190
12617 3229
12603 3282
12617 3351
12662 3434
12738 3526
12845 3623
12979 3729
13130 3846
13295 3974
13473 4108
13660 4251
13846 4397
14019 4535
14161 4657
14273 4770
14368 4879
14453 4978
14515 5054
14545 5107
14543 5140
14511 5153
14449 5146
14357 5120
14236 5076
14088 5016
13914 4953
13718 4893
13503 4838
13282 4784
13060 4737
12838 4702
12618 4683
12404 4680
12201 4689
12008 4713
11832 4757
11680 4820
11557 4894
11456 4982
11382 5092
11347 5224
11356 5371
11403 5522
11477 5667
11572 5798
11692 5921
11841 6040
12011 6148
12186 6235
12356 6305
12514 6355
12667 6385
12821 6389
12981 6372
13136 6334
13278 6277
13403 6204
13517 6124
13621 6036
13722 5935
13822 5821
13915 5706
13996 5599
14068 5500
14136 5399
14200 5293
14256 5190
14307 5097
14355 5016
14401 4944
14441 4884
14476 4829
14508 4783
14536 4750
14554 4735
14561 4732
14567 4735
14581 4744
14595 4768
14595 4809
14583 4864
14568 4929
14554 5003
14534 5089
14508 5188
14480 5303
14453 5430
14426 5568
14401 5717
14380 5881
14354 6057
14320 6248
14286 6449
14259 6660
14238 6887
14220 7143
14206 7423
14193 7706
14180 7979
14167 8253
14154 8540
14140 8834
14121 9117
14099 9384
14080 9643
14066 9891
14054 10129
14041 10354
14021 10570
13995 10769
13967 10945
13940 11091
13914 11217
13886 11323
13854 11412
13825 11479
13800 11526
13780 11557
13759 11579
13733 11591
13712 11583
13700 11558
13692 11528
13679 11497
13666 11455
13660 11397
13659 11329
13653 11260
13646 11189
13646 11114
13653 11036
13659 10949
13661 10854
13665 10757
13674 10659
13686 10555
13694 10448
13699 10340
13706 10229
13719 10111
13734 9990
13747 9872
13755 9756
13760 9636
13761 9502
13760 9355
13761 9206
13761 9062
13755 8920
13743 8771
13723 8608
13696 8435
13656 8260
13609 8088
13558 7915
13496 7733
13417 7542
13324 7352
13223 7167
13117 6984
12998 6800
12865 6619
12718 6443
12557 6272
12384 6109
12202 5957
12014 5816
11821 5688
11629 5576
11445 5480
11273 5401
11116 5341
10980 5300
10859 5275
10757 5266
10683 5275
10647 5304
10649 5355
10685 5431
10757 5531
10874 5647
11032 5768
11213 5902
11406 6059
11617 6243
11852 6443
12097 6647
12325 6847
12520 7045
12694 7243
12860 7447
13010 7647
13124 7832
13193 7990
13225 8121
13225 8222
13192 8300
13122 8360
13015 8401
12886 8419
12745 8412
12594 8392
12420 8364
12218 8323
11994 8263
11771 8194
11565 8128
11376 8066
11191 8001
11004 7930
10828 7851
10674 7770
10539 7691
10420 7615
10326 7540
10258 7461
10212 7377
10186 7287
10186 7191
10213 7088
10261 6977
10323 6856
10398 6722
10482 6581
10572 6441
10670 6307
10779 6169
10892 6021
11006 5866
11120 5715
11238 5571
11360 5428
11486 5280
11610 5127
11732 4978
11845 4832
11952 4692
12055 4559
12160 4431
12267 4305
12371 4185
12467 4071
12550 3965
12626 3865
12702 3771
12781 3678
12856 3589
12923 3511
12977 3448
13021 3398
13055 3356
13087 3317
13122 3290
13154 3276
13175 3274
13187 3284
13202 3309
13220 3349
13230 3397
13227 3454
13216 3523
13206 3613
13195 3723
13180 3850
13162 3982
13142 4118
13116 4266
13081 4435
13035 4628
12985 4838
12940 5056
12905 5272
12874 5496
12841 5735
12802 5990
12756 6258
12701 6535
12640 6807
12579 7063
12526 7313
12479 7570
12433 7828
12385 8074
12340 8301
12303 8502
12272 8675
12245 8817
12224 8934
12212 9026
12204 9092
12199 9126
12197 9132
12204 9116
12225 9079
12256 9019
12292 8944
12331 8858
12379 8762
12432 8653
12486 8535
12540 8404
12593 8261
12645 8114
12699 7974
12759 7833
12826 7688
12896 7540
12961 7392
13015 7245
13060 7106
13106 6978
13160 6852
13221 6725
13277 6604
13318 6496
13342 6402
13356 6317
13367 6241
13380 6176
13394 6127
13406 6095
13415 6080
13425 6080
13435 6100
13446 6145
13454 6213
13460 6300
13466 6406
13478 6533
13492 6684
13509 6860
13533 7061
13569 7280
13613 7509
13660 7749
13708 8010
13750 8286
13782 8561
13804 8824
13818 9078
13819 9324
13800 9555
13760 9763
13699 9937
13619 10076
13524 10184
13417 10267
13301 10325
13176 10355
13047 10351
12915 10314
12779 10248
12640 10166
12504 10072
12376 9959
12262 9824
12163 9676
12077 9523
11998 9367
11923 9205
11857 9033
11804 8849
11762 8664
11725 8486
11695 8319
11680 8152
11677 7980
11674 7810
11665 7651
11654 7508
11651 7373
11654 7248
11659 7127
11661 7015
11661 6912
11660 6821
11655 6738
11646 6669
11636 6611
11627 6562
11615 6517
11594 6488
11568 6478
11542 6481
11513 6486
11475 6495
11434 6517
11395 6555
11353 6603
11302 6664
11248 6736
11194 6812
11135 6895
11069 6986
11002 7093
10929 7208
10847 7334
10756 7462
10666 7595
10576 7733
10481 7881
10377 8039
10266 8210
10149 8387
10032 8567
9915 8742
9799 8909
9679 9069
9559 9225
9449 9371
9350 9497
9261 9604
9184 9704
9123 9802
9071 9887
9023 9955
8983 10002
8957 10039
8943 10067
8938 10089
8940 10098
