15698 1580
15647 1581
15590 1579
15527 1580
15458 1586
15382 1595
15292 1600
15189 1595
15076 1586
14954 1580
14827 1579
14701 1580
14579 1580
14453 1580
14327 1580
14206 1579
14086 1579
13964 1585
13846 1600
13738 1619
13638 1634
13539 1646
13443 1660
13356 1677
13287 1698
13235 1726
13201 1765
13181 1807
13175 1845
13186 1880
13214 1924
13266 1978
13340 2039
13435 2100
13548 2159
13677 2220
13818 2286
13965 2353
14114 2419
14266 2486
14418 2557
14562 2628
14687 2685
14797 2723
14895 2750
14979 2775
15034 2795
15061 2809
15072 2816
15073 2814
15053 2802
15007 2787
14941 2774
14858 2760
14753 2740
14630 2720
14497 2704
14360 2692
14216 2685
14067 2684
13915 2691
13764 2704
13614 2724
13471 2751
13332 2789
13197 2839
13070 2897
12957 2958
12855 3025
12761 3103
12681 3192
12626 3285
12595 3381
12581 3479
12574 3573
12581 3667
12613 3766
12669 3867
12740 3967
12818 4062
12909 4156
13011 4242
13124 4317
13241 4384
13360 4444
13475 4492
13586 4519
13695 4526
13807 4519
13916 4498
14015 4459
14103 4404
14188 4338
14270 4263
14347 4178
14412 4078
14468 3963
14515 3835
14556 3702
14594 3572
14630 3443
14659 3310
14681 3174
14707 3044
14741 2925
14774 2811
14795 2697
14808 2591
14820 2498
14834 2416
14845 2336
14854 2263
14866 2209
14881 2176
14893 2151
14901 2129
14907 2116
14913 2120
14920 2148
14926 2196
14934 2256
14946 2324
14955 2398
14960 2482
14961 2577
14960 2683
14960 2797
14960 2924
14961 3058
14961 3197
14954 3338
14941 3489
14926 3653
14914 3829
14905 4007
14894 4184
14885 4364
14880 4557
14880 4764
14880 4979
14874 5193
14866 5406
14860 5620
14859 5839
14860 6060
14860 6281
14861 6501
14861 6715
14854 6922
14840 7123
14827 7321
14819 7510
14813 7690
14807 7864
14800 8030
14794 8178
14787 8311
14774 8433
14759 8544
14747 8634
14740 8699
14734 8747
14721 8780
14700 8794
14679 8780
14666 8740
14660 8685
14654 8619
14642 8540
14621 8437
14594 8311
14567 8175
14546 8043
14529 7910
14506 7758
14476 7582
14442 7395
14408 7216
14370 7048
14322 6884
14262 6715
14196 6545
14128 6379
14059 6219
13978 6064
13873 5913
13744 5764
13602 5618
13461 5477
13322 5348
13177 5238
13018 5144
12842 5052
12652 4954
12458 4855
12263 4769
12067 4704
11868 4658
11666 4612
11459 4557
11256 4505
11065 4476
10888 4465
10718 4452
10557 4434
10407 4417
10268 4405
10150 4404
10060 4412
10003 4425
9971 4440
9963 4459
9984 4480
10043 4504
10132 4527
10245 4555
10379 4593
10538 4642
10727 4699
10942 4764
11171 4833
11400 4905
11626 4979
11854 5058
12088 5141
12319 5226
12532 5307
12720 5386
12886 5468
13039 5554
13180 5636
13302 5704
13395 5761
13455 5810
13488 5855
13501 5896
13495 5929
13462 5949
13397 5963
13300 5974
13179 5981
13043 5981
12904 5980
12759 5980
12599 5980
12413 5979
12203 5979
11982 5985
11761 5999
11541 6019
11315 6041
11081 6061
10841 6074
10600 6080
10360 6087
10119 6100
9879 6113
9643 6121
9417 6126
9201 6134
9001 6146
8821 6156
8662 6161
8521 6155
8389 6143
8267 6128
8166 6109
8093 6077
8045 6035
8015 5985
8000 5927
8001 5857
8020 5782
8061 5702
8123 5618
8198 5523
8272 5412
8345 5282
8426 5142
8518 5001
8612 4861
8705 4716
8801 4561
8905 4400
9009 4240
9107 4086
9196 3934
9280 3780
9361 3620
9441 3459
9520 3305
9595 3158
9667 3017
9735 2879
9800 2749
9862 2626
9923 2514
9977 2412
10016 2321
10041 2242
10061 2178
10089 2127
10129 2085
10172 2053
10209 2036
10235 2039
10253 2062
10275 2103
10300 2157
10321 2216
10335 2281
10347 2361
10360 2467
10373 2596
10387 2737
10401 2879
10415 3023
10422 3177
10421 3343
10414 3525
10406 3713
10400 3898
10399 4079
10401 4270
10400 4478
10395 4698
10387 4916
10376 5127
10362 5330
10340 5532
10309 5729
10277 5927
10254 6123
10238 6311
10221 6484
10200 6639
10174 6778
10152 6904
10134 7018
10119 7118
10100 7206
10079 7279
10064 7333
10058 7366
10058 7380
10063 7377
10073 7360
10096 7332
10126 7287
10157 7218
10191 7126
10238 7024
10298 6916
10360 6797
10419 6663
10480 6522
10545 6375
10613 6221
10686 6061
10760 5900
10833 5739
10905 5579
10979 5425
11059 5277
11145 5137
11234 5005
11325 4884
11415 4765
11506 4649
11594 4545
11679 4456
11767 4376
11859 4302
11953 4241
12047 4201
12140 4181
12233 4176
12326 4181
12420 4196
12519 4229
12620 4277
12721 4336
12820 4397
12912 4466
13004 4554
13113 4674
13239 4818
13362 4965
13468 5100
13563 5232
13660 5377
13755 5537
13846 5701
13935 5866
14027 6027
14116 6186
14197 6347
14264 6516
14318 6681
14363 6831
14393 6968
14409 7102
14409 7237
14396 7363
14361 7472
14304 7562
14232 7643
14153 7723
14058 7797
13941 7858
13799 7898
13638 7923
13463 7942
13283 7957
13097 7962
12901 7955
12695 7942
12488 7929
12284 7914
12081 7889
11878 7855
11679 7821
11488 7784
11298 7739
11102 7685
10904 7625
10712 7563
10531 7502
10356 7435
10184 7356
10024 7268
9878 7177
9740 7086
9605 6984
9486 6871
9392 6756
9316 6651
9241 6550
9159 6440
9075 6315
9004 6186
8956 6066
8924 5958
8892 5846
8857 5732
8834 5626
8823 5531
8815 5438
8801 5346
8781 5258
8759 5176
8739 5103
8726 5047
8720 5010
8713 4988
8701 4977
8686 4975
8673 4982
8665 5008
8661 5056
8659 5116
8654 5182
8646 5257
8640 5347
8638 5457
8640 5582
8647 5717
8655 5858
8655 6010
8641 6174
8622 6344
8608 6510
8595 6668
8569 6822
8528 6970
8483 7109
8440 7238
8394 7356
8340 7463
8287 7563
8240 7658
8194 7744
8139 7812
8076 7861
8023 7899
7999 7940
