16659 2659
16564 2642
16435 2617
16284 2591
16123 2567
15957 2545
15782 2527
15598 2512
15401 2493
15195 2474
14987 2459
14780 2446
14574 2432
14366 2420
14158 2412
13951 2405
13754 2400
13576 2398
13419 2398
13278 2404
13158 2418
13068 2445
13016 2479
13001 2513
13021 2544
13077 2579
13170 2625
13293 2683
13434 2742
13588 2797
13758 2855
13945 2918
14135 2981
14317 3043
14487 3102
14641 3147
14770 3174
14864 3187
14923 3193
14955 3191
14962 3181
14947 3162
14909 3141
14847 3115
14761 3086
14652 3054
14524 3024
14384 2998
14235 2978
14081 2968
13921 2972
13760 2987
13599 3012
13439 3048
13285 3097
13137 3157
12996 3223
12862 3298
12747 3383
12653 3477
12579 3578
12526 3685
12498 3797
12493 3914
12512 4039
12554 4163
12618 4279
12702 4384
12807 4492
12929 4599
13061 4701
13205 4789
13365 4857
13534 4900
13695 4927
13843 4940
13984 4934
14122 4900
14251 4840
14363 4765
14462 4683
14556 4587
14648 4475
14736 4346
14815 4206
14883 4061
14948 3920
15009 3780
15062 3639
15107 3493
15150 3350
15191 3219
15230 3101
15266 2986
15301 2876
15335 2778
15367 2694
15395 2616
15420 2554
15441 2515
15461 2495
15481 2482
15500 2481
15514 2496
15527 2532
15541 2585
15554 2653
15560 2731
15562 2821
15566 2923
15568 3042
15567 3175
15561 3323
15553 3484
15545 3655
15540 3831
15539 4020
15540 4225
15540 4448
15541 4680
15541 4917
15534 5151
15520 5389
15506 5643
15500 5919
15500 6206
15494 6484
15481 6747
15466 7001
15454 7259
15445 7527
15434 7799
15425 8058
15419 8288
15418 8487
15420 8672
15426 8847
15435 9005
15440 9138
15435 9247
15427 9329
15420 9382
15414 9409
15407 9416
15395 9395
15380 9343
15362 9262
15342 9159
15316 9035
15281 8891
15236 8726
15191 8548
15151 8364
15113 8181
15065 7989
15002 7787
14929 7580
14856 7379
14783 7186
14700 6994
14592 6798
14459 6600
14311 6410
14157 6230
13993 6058
13810 5896
13607 5745
13388 5601
13162 5463
12936 5342
12707 5242
12471 5156
12227 5077
11975 5005
11718 4943
11464 4891
11224 4843
10995 4803
10775 4777
10566 4764
10379 4757
10224 4752
10097 4752
9997 4759
9923 4766
9880 4770
9873 4779
9913 4802
10002 4839
10129 4883
10277 4927
10450 4975
10658 5033
10900 5104
11164 5179
11434 5252
11695 5328
11945 5420
12186 5530
12413 5641
12614 5742
12789 5836
12943 5930
13070 6015
13163 6085
13220 6143
13245 6190
13232 6229
13179 6263
13090 6290
12972 6307
12826 6317
12651 6326
12452 6335
12233 6340
11997 6339
11749 6338
11497 6345
11242 6366
10977 6394
10700 6414
10415 6422
10136 6431
9865 6448
9603 6472
9350 6490
9108 6501
8879 6503
8672 6501
8492 6495
8343 6488
8220 6477
8118 6457
8038 6418
7985 6364
7963 6298
7973 6223
8007 6139
8055 6039
8115 5918
8189 5776
8283 5627
8391 5482
8500 5340
8606 5191
8713 5028
8825 4855
8941 4680
9060 4507
9174 4335
9282 4160
9387 3980
9489 3800
9587 3625
9677 3453
9760 3285
9836 3119
9913 2958
9989 2804
10061 2657
10123 2518
10180 2388
10230 2266
10279 2155
10325 2051
10365 1958
10397 1879
10428 1824
10455 1785
10474 1759
10487 1742
10501 1747
10519 1772
10535 1822
10546 1888
10553 1967
10565 2057
10587 2166
10615 2294
10635 2441
10641 2608
10641 2791
10647 2982
10660 3178
10669 3383
10667 3602
10655 3832
10645 4070
10640 4313
10640 4559
10641 4805
10636 5053
10621 5305
10600 5561
10580 5820
10565 6076
10555 6323
10542 6558
10520 6782
10488 6996
10457 7204
10440 7408
10431 7600
10420 7776
10407 7935
10394 8078
10379 8200
10361 8302
10345 8381
10333 8435
10325 8457
10320 8453
10318 8423
10318 8371
10325 8301
10345 8213
10372 8104
10398 7974
10425 7828
10464 7672
10518 7507
10579 7336
10639 7161
10699 6981
10765 6799
10839 6619
10918 6444
11000 6277
11084 6118
11172 5968
11270 5830
11379 5708
11493 5602
11605 5510
11714 5426
11824 5355
11945 5312
12073 5295
12205 5293
12334 5301
12464 5327
12600 5380
12744 5454
12888 5540
13032 5643
13176 5767
13319 5908
13455 6057
13593 6220
13731 6399
13865 6592
13987 6794
14101 7008
14207 7230
14298 7454
14367 7666
14415 7857
14440 8029
14441 8197
14419 8368
14381 8533
14327 8680
14249 8800
14140 8893
14003 8972
13846 9040
13666 9092
13465 9119
13250 9125
13031 9124
12802 9118
12558 9098
12301 9053
12040 8990
11780 8917
11524 8842
11275 8758
11030 8663
10784 8551
10545 8428
10322 8303
10113 8175
9907 8035
9703 7883
9515 7728
9353 7574
9211 7412
9075 7247
8943 7092
8823 6947
8721 6795
8637 6632
8563 6468
8492 6315
8429 6172
8374 6037
8329 5910
8287 5791
8250 5682
8220 5584
8199 5497
8179 5417
8153 5343
8125 5277
8106 5222
8100 5181
8093 5156
8074 5147
8052 5151
8039 5167
8038 5197
8041 5240
8040 5295
8034 5368
8025 5461
8019 5570
8025 5689
8039 5817
8054 5956
8066 6110
8075 6278
8086 6452
8100 6626
8114 6800
8127 6979
8135 7160
8140 7342
8141 7521
8140 7692
8140 7854
8141 8006
8141 8149
8135 8279
8121 8398
8101 8499
8081 8583
8062 8648
8038 8708
8000 8778
