18879 4259
18865 4263
18853 4255
18835 4246
18809 4242
18777 4240
18736 4229
18683 4208
18623 4187
18557 4168
18483 4147
18398 4121
18297 4089
18182 4058
18062 4024
17941 3989
17815 3951
17680 3917
17541 3881
17406 3846
17275 3811
17140 3782
16993 3756
16843 3729
16708 3703
16598 3680
16503 3664
16406 3652
16304 3646
16210 3644
16135 3647
16075 3652
16029 3659
15995 3671
15974 3686
15968 3711
15983 3741
16015 3770
16056 3799
16104 3838
16162 3890
16236 3948
16323 4004
16424 4060
16532 4119
16644 4185
16761 4254
16886 4325
17010 4397
17122 4466
17217 4524
17303 4573
17383 4617
17457 4661
17517 4696
17562 4721
17597 4741
17628 4761
17657 4781
17677 4795
17678 4802
17662 4802
17637 4799
17609 4795
17576 4792
17530 4789
17468 4785
17402 4775
17340 4764
17275 4759
17201 4764
17121 4773
17039 4784
16959 4794
16886 4810
16820 4831
16753 4863
16679 4905
16604 4958
16543 5012
16498 5066
16463 5125
16432 5192
16402 5265
16384 5340
16383 5418
16396 5499
16412 5585
16430 5679
16457 5778
16496 5879
16544 5981
16604 6086
16671 6189
16743 6287
16826 6377
16920 6463
17014 6540
17097 6599
17170 6633
17232 6647
17280 6646
17316 6626
17352 6583
17392 6524
17439 6463
17492 6401
17548 6330
17601 6244
17647 6148
17690 6044
17732 5932
17770 5817
17805 5705
17836 5588
17866 5466
17895 5345
17924 5232
17954 5124
17992 5020
18034 4919
18073 4819
18103 4720
18132 4624
18161 4533
18192 4451
18222 4374
18254 4297
18281 4220
18301 4151
18319 4092
18339 4037
18367 3981
18400 3930
18428 3886
18447 3851
18462 3820
18479 3791
18495 3765
18507 3746
18514 3737
18520 3733
18526 3730
18534 3732
18546 3743
18555 3764
18559 3797
18561 3837
18566 3884
18573 3938
18580 4004
18587 4077
18594 4157
18599 4244
18600 4342
18606 4452
18619 4574
18633 4702
18647 4835
18661 4973
18673 5118
18681 5269
18686 5427
18693 5596
18704 5775
18720 5954
18740 6125
18760 6290
18774 6458
18786 6630
18801 6796
18821 6945
18835 7077
18836 7197
18827 7309
18820 7412
18820 7503
18820 7579
18815 7639
18807 7682
18800 7712
18794 7734
18786 7750
18775 7761
18760 7764
18746 7762
18734 7750
18726 7727
18715 7698
18699 7671
18681 7639
18666 7603
18655 7558
18639 7516
18614 7475
18592 7439
18580 7401
18572 7360
18561 7314
18547 7271
18534 7230
18519 7190
18500 7144
18486 7098
18479 7049
18474 7000
18467 6947
18454 6894
18439 6839
18427 6782
18420 6725
18413 6669
18400 6612
18387 6554
18379 6494
18374 6433
18366 6370
18355 6305
18345 6236
18334 6165
18326 6095
18320 6026
18314 5954
18305 5880
18294 5807
18286 5734
18281 5659
18273 5580
18261 5504
18247 5433
18234 5370
18220 5309
18202 5250
18181 5187
18156 5126
18128 5072
18091 5020
18042 4966
17983 4912
17916 4862
17842 4815
17763 4765
17676 4716
17578 4663
17469 4612
17346 4562
17208 4512
17057 4455
16902 4398
16742 4342
16575 4289
16401 4235
16227 4185
16053 4138
15880 4092
15707 4050
15533 4019
15358 3997
15185 3980
15022 3964
14874 3947
14741 3936
14628 3934
14535 3937
14454 3939
14382 3945
14328 3958
14296 3978
14281 3999
14271 4024
14271 4053
14289 4091
14338 4132
14410 4173
14494 4217
14583 4268
14688 4323
14816 4380
14957 4439
15103 4504
15252 4573
15411 4644
15580 4721
15752 4804
15919 4888
16086 4971
16260 5053
16440 5138
16615 5231
16782 5333
16942 5438
17100 5540
17254 5644
17409 5755
17564 5873
17706 5984
17823 6082
17920 6168
18010 6255
18092 6343
18158 6423
18199 6486
18224 6535
18239 6572
18245 6602
18233 6624
18199 6637
18145 6637
18079 6623
18005 6597
17913 6562
17798 6521
17664 6475
17523 6427
17376 6375
17222 6319
17058 6262
16889 6205
16706 6147
16506 6087
16294 6031
16089 5981
15906 5931
15739 5880
15556 5831
15331 5785
15081 5749
14853 5720
14676 5701
14538 5689
14416 5683
14302 5675
14201 5666
14116 5660
14048 5655
13996 5646
13956 5635
13923 5621
13903 5607
13895 5590
13901 5567
13922 5536
13962 5501
14017 5467
14084 5429
14153 5386
14225 5338
14300 5287
14379 5229
14460 5161
14540 5089
14620 5021
14699 4949
14780 4868
14866 4776
14955 4681
15040 4586
15116 4490
15186 4391
15254 4290
15326 4187
15401 4080
15475 3968
15541 3858
15602 3754
15662 3653
15720 3551
15770 3448
15814 3349
15855 3259
15894 3178
15928 3103
15956 3033
15980 2969
16001 2912
16021 2864
16040 2824
16055 2792
16067 2763
16075 2739
16080 2724
16081 2718
16081 2717
16081 2718
16080 2730
16075 2756
16067 2790
16056 2830
16041 2883
16020 2951
15995 3029
15973 3112
15955 3201
15933 3299
15901 3414
15866 3540
15839 3674
15819 3815
15799 3963
15780 4112
15766 4265
15753 4425
15739 4593
15727 4760
15719 4920
15714 5080
15707 5245
15697 5415
15681 5586
15656 5755
15620 5916
15579 6074
15545 6225
15524 6367
15512 6498
15500 6623
15487 6737
15474 6837
15460 6925
15441 7003
15419 7067
15400 7116
15385 7148
15373 7164
15363 7165
15359 7148
15365 7115
15379 7067
15393 7007
15405 6937
15419 6862
15439 6783
15466 6695
15493 6596
15518 6489
15545 6380
15584 6269
15633 6153
15687 6034
15734 5912
15773 5791
15811 5680
15859 5578
15919 5474
15981 5366
16034 5259
16080 5157
16126 5065
16179 4984
16240 4911
16300 4839
16354 4769
16407 4706
16461 4655
16513 4613
16561 4576
16606 4540
16654 4511
16705 4486
16754 4463
16801 4440
16846 4429
16887 4427
16926 4430
16968 4433
17012 4442
17054 4459
17093 4488
17136 4527
17180 4576
17215 4628
17241 4682
17266 4739
17295 4810
17327 4891
17355 4978
17374 5066
17386 5159
17405 5257
17434 5359
17466 5465
17489 5579
17501 5695
17513 5811
17527 5923
17543 6036
17563 6150
17592 6271
17617 6390
17627 6501
17629 6602
17635 6696
17641 6787
17639 6874
17624 6950
17592 7002
17545 7029
17484 7039
17411 7048
17322 7050
17223 7042
17122 7024
17021 7001
16912 6970
16790 6929
16653 6881
16497 6829
16323 6777
16142 6724
15960 6670
15775 6614
15585 6559
15394 6511
15210 6472
15034 6438
14862 6406
14683 6378
14488 6354
14280 6332
14075 6307
13888 6279
13725 6253
13584 6234
13461 6213
13345 6187
13234 6161
13135 6140
13055 6120
12999 6096
12960 6067
12933 6029
12907 5986
12888 5942
12884 5900
12896 5855
12917 5802
12945 5741
12978 5674
13019 5607
13064 5541
13113 5474
13166 5401
13219 5321
13273 5240
13327 5160
13386 5081
13447 5000
13507 4914
13562 4826
13614 4739
13660 4659
13702 4584
13747 4513
13789 4445
13821 4379
13842 4318
13860 4264
13880 4218
13900 4178
13921 4144
13941 4113
13955 4089
13961 4073
13962 4064
13961 4058
13954 4058
13942 4064
13928 4077
13913 4098
13894 4129
13874 4172
13855 4223
13833 4277
13802 4337
13767 4409
13735 4497
13701 4595
13656 4703
13602 4823
13541 4956
13479 5098
13421 5250
13366 5412
13307 5579
13244 5748
13185 5916
13138 6075
13104 6223
13072 6363
13039 6501
13013 6630
12994 6748
12973 6857
12941 6961
12908 7057
12879 7148
12852 7232
12821 7308
12791 7367
12767 7414
12750 7451
12734 7481
12719 7503
12705 7521
12693 7533
12684 7544
12679 7559
