17661 3261
17657 3278
17625 3283
17579 3282
17529 3275
17471 3260
17396 3241
17309 3226
17218 3215
17121 3200
17011 3175
16888 3146
16757 3120
16625 3099
16489 3080
16352 3060
16216 3039
16078 3019
15935 3005
15792 2999
15652 2999
15517 2999
15386 2999
15263 3005
15147 3019
15035 3039
14926 3059
14828 3079
14743 3103
14670 3138
14607 3185
14557 3239
14526 3293
14510 3345
14506 3399
14516 3464
14546 3540
14596 3619
14662 3694
14736 3765
14817 3839
14913 3923
15025 4019
15155 4120
15292 4220
15432 4315
15573 4406
15720 4494
15868 4585
16014 4681
16151 4780
16282 4875
16404 4960
16516 5041
16616 5126
16710 5215
16799 5302
16878 5378
16933 5437
16965 5483
16986 5523
16998 5561
16993 5591
16966 5608
16919 5615
16857 5620
16783 5626
16703 5633
16616 5639
16516 5647
16408 5658
16297 5672
16182 5689
16056 5718
15920 5762
15782 5817
15650 5878
15521 5943
15398 6016
15275 6102
15151 6208
15025 6331
14905 6462
14797 6598
14698 6743
14604 6902
14512 7077
14429 7263
14357 7459
14296 7658
14248 7859
14212 8066
14189 8280
14172 8493
14157 8702
14150 8907
14156 9107
14175 9306
14209 9508
14257 9715
14316 9916
14383 10100
14458 10265
14544 10414
14638 10545
14733 10654
14832 10746
14934 10820
15037 10875
15140 10908
15250 10917
15369 10896
15493 10842
15609 10761
15713 10660
15813 10541
15921 10400
16038 10232
16149 10044
16253 9850
16355 9650
16460 9442
16567 9218
16670 8986
16767 8748
16855 8512
16940 8280
17028 8051
17120 7820
17208 7592
17287 7372
17363 7157
17441 6945
17510 6739
17567 6542
17616 6352
17666 6170
17716 5999
17762 5837
17797 5677
17821 5524
17835 5382
17847 5256
17861 5142
17875 5038
17881 4943
17881 4858
17876 4782
17872 4715
17864 4661
17852 4628
17837 4615
17819 4614
17794 4622
17767 4647
17745 4694
17727 4759
17706 4842
17686 4947
17668 5068
17652 5201
17634 5348
17614 5514
17593 5701
17575 5908
17553 6130
17527 6363
17503 6603
17480 6849
17449 7109
17408 7390
17362 7686
17314 7984
17260 8275
17201 8565
17146 8863
17094 9171
17040 9491
16980 9820
16919 10149
16865 10468
16819 10776
16775 11076
16730 11372
16682 11665
16641 11960
16608 12248
16583 12517
16561 12758
16541 12977
16519 13165
16489 13311
16457 13419
16433 13499
16418 13549
16405 13559
16393 13535
16385 13484
16381 13408
16379 13303
16375 13170
16366 13006
16353 12813
16345 12604
16346 12389
16353 12171
16355 11942
16352 11698
16349 11440
16351 11179
16355 10925
16359 10685
16360 10453
16361 10219
16365 9979
16369 9743
16372 9523
16374 9323
16375 9132
16373 8943
16370 8758
16360 8582
16342 8422
16321 8277
16301 8142
16280 8017
16251 7902
16214 7802
16170 7717
16121 7642
16064 7578
16001 7523
15930 7477
15853 7442
15771 7418
15688 7404
15597 7398
15490 7393
15368 7390
15243 7393
15121 7404
14996 7418
14856 7438
14702 7465
14547 7500
14395 7539
14239 7574
14077 7607
13913 7640
13742 7673
13564 7706
13387 7740
13224 7779
13071 7820
12919 7862
12765 7901
12617 7929
12482 7947
12363 7962
12257 7979
12158 7995
12063 8007
11975 8016
11901 8021
11848 8021
11814 8016
11794 8007
11789 7995
11801 7980
11828 7961
11867 7940
11922 7920
11999 7899
12096 7880
12208 7866
12331 7854
12462 7840
12603 7820
12758 7799
12923 7785
13092 7779
13265 7773
13444 7764
13632 7758
13825 7763
14021 7784
14215 7818
14406 7852
14590 7886
14773 7925
14955 7971
15136 8023
15310 8085
15471 8158
15616 8238
15751 8319
15878 8399
15996 8485
16095 8579
16177 8674
16242 8766
16290 8855
16317 8946
16325 9036
16309 9121
16272 9196
16215 9261
16140 9321
16040 9381
15914 9440
15769 9495
15613 9547
15448 9595
15273 9641
15083 9687
14877 9730
14662 9766
14441 9796
14220 9826
14001 9855
13780 9881
13555 9901
13325 9916
13093 9927
12870 9935
12658 9940
12456 9941
12259 9941
12069 9941
11890 9935
11721 9921
11568 9901
11436 9880
11320 9861
11210 9841
11112 9816
11035 9782
10984 9741
10955 9695
10946 9647
10950 9596
10972 9540
11010 9476
11065 9408
11137 9337
11227 9263
11331 9171
11443 9063
11563 8943
11692 8822
11830 8697
11974 8562
12118 8411
12261 8249
12406 8082
12553 7910
12699 7728
12847 7535
13000 7339
13154 7148
13300 6960
13442 6769
13586 6568
13729 6359
13867 6152
13996 5956
14121 5773
14242 5596
14360 5419
14470 5250
14580 5092
14684 4942
14780 4799
14863 4663
14947 4537
15031 4418
15107 4309
15166 4211
15219 4121
15266 4043
15311 3982
15345 3936
15374 3902
15397 3878
15415 3863
15422 3857
15422 3857
15420 3868
15415 3897
15407 3941
15396 3996
15380 4063
15357 4143
15331 4236
15303 4337
15278 4448
15250 4571
15218 4709
15182 4859
15147 5012
15112 5164
15075 5318
15039 5483
15003 5664
14965 5853
14922 6045
14880 6234
14839 6424
14799 6620
14761 6825
14725 7034
14688 7241
14647 7442
14607 7635
14568 7820
14525 8005
14475 8199
14431 8405
14394 8613
14360 8815
14319 9012
14276 9209
14237 9412
14202 9616
14165 9816
14127 10002
14093 10176
14065 10346
14035 10521
14004 10701
13973 10875
13951 11037
13939 11189
13932 11338
13925 11478
13919 11599
13922 11699
13933 11785
13954 11859
13981 11920
14015 11962
14053 11975
14098 11955
14149 11913
14208 11853
14275 11779
14348 11687
14424 11573
14499 11438
14580 11285
14665 11123
14753 10954
14839 10777
14926 10594
15019 10407
15119 10219
15221 10032
15319 9852
15414 9677
15512 9506
15614 9339
15719 9178
15822 9017
15920 8863
16014 8723
16107 8602
16200 8492
16294 8383
16386 8278
16475 8182
16566 8101
16655 8037
16740 7988
16822 7951
16901 7922
16974 7901
17041 7895
17107 7912
17174 7951
17240 8007
17302 8070
17360 8142
17415 8228
17468 8336
17520 8461
17569 8598
17613 8742
17656 8895
17694 9064
17728 9250
17756 9446
17780 9640
17802 9831
17821 10027
17834 10230
17842 10440
17847 10654
17850 10867
17846 11075
17836 11280
17822 11481
17806 11686
17785 11890
17758 12092
17724 12287
17690 12472
17657 12646
17626 12813
17588 12976
17543 13137
17494 13289
17442 13426
17381 13548
17315 13657
17248 13762
17175 13864
17095 13959
17011 14033
16921 14080
16819 14107
16704 14119
16577 14112
16436 14086
16282 14045
16128 13992
15976 13926
15816 13840
15641 13732
15454 13604
15271 13464
15101 13317
14939 13163
14770 12997
14586 12816
14394 12627
14211 12435
14038 12246
13872 12055
13705 11860
13539 11660
13378 11460
13224 11267
13079 11076
12938 10875
12797 10660
12658 10440
12535 10231
12432 10034
12335 9840
12239 9634
12149 9420
12076 9210
12016 9012
11968 8825
11932 8640
11908 8452
11893 8264
11883 8083
11879 7917
11884 7764
11897 7618
11918 7473
11944 7329
11978 7192
12019 7069
12066 6958
12113 6852
12159 6750
12208 6653
12260 6563
12307 6478
12347 6404
12387 6339
12434 6277
12480 6217
12516 6165
12547 6129
12580 6105
12615 6083
12647 6066
12670 6058
12687 6057
12701 6058
12716 6064
12727 6082
12730 6111
12727 6150
12722 6198
12715 6251
12702 6309
12682 6378
12656 6462
12621 6557
12581 6658
12542 6764
12506 6878
12464 6996
12413 7122
12356 7263
12300 7424
12241 7597
12180 7771
12115 7944
12053 8130
11989 8336
11919 8551
11841 8770
11766 8993
11699 9224
11635 9459
11566 9699
11490 9941
11410 10181
11329 10416
11256 10642
11188 10861
11124 11077
11055 11289
10990 11493
10927 11677
10869 11839
10819 11991
10779 12139
10743 12272
10707 12379
10675 12465
10653 12544
10644 12619
10638 12676
10631 12709
10626 12728
10638 12758
