13739 2800
13704 2780
13674 2760
13641 2741
13596 2720
13542 2694
13482 2666
13421 2641
13355 2620
13282 2595
13203 2560
13116 2521
13021 2485
12917 2453
12807 2426
12694 2401
12581 2373
12467 2339
12349 2306
12225 2286
12096 2272
11970 2253
11848 2232
11732 2219
11614 2218
11493 2219
11372 2219
11259 2220
11151 2225
11045 2233
10945 2245
10852 2259
10764 2278
10678 2305
10598 2339
10530 2378
10471 2420
10417 2466
10371 2513
10337 2558
10311 2605
10290 2664
10278 2733
10276 2804
10284 2873
10302 2946
10332 3025
10375 3107
10426 3185
10482 3266
10544 3352
10618 3444
10703 3539
10793 3640
10889 3746
10988 3849
11097 3941
11208 4028
11318 4114
11427 4201
11541 4287
11655 4370
11762 4448
11857 4518
11948 4576
12033 4622
12108 4664
12167 4702
12209 4730
12239 4742
12258 4744
12264 4742
12252 4735
12225 4716
12184 4688
12130 4660
12063 4633
11989 4606
11909 4579
11821 4553
11724 4531
11625 4513
11522 4498
11417 4486
11314 4479
11219 4477
11126 4478
11033 4485
10939 4504
10850 4531
10772 4558
10703 4591
10638 4633
10577 4683
10524 4734
10482 4785
10450 4839
10430 4898
10424 4964
10425 5039
10429 5119
10440 5199
10462 5280
10492 5366
10529 5454
10572 5540
10624 5620
10684 5700
10751 5786
10824 5874
10905 5960
10992 6042
11085 6121
11179 6196
11277 6268
11380 6331
11492 6383
11608 6424
11720 6456
11827 6476
11936 6489
12045 6497
12145 6499
12239 6485
12330 6446
12421 6383
12503 6311
12576 6237
12642 6155
12702 6057
12756 5949
12807 5836
12850 5720
12887 5596
12922 5467
12954 5335
12980 5199
13003 5060
13025 4925
13043 4800
13059 4678
13076 4553
13093 4429
13100 4318
13102 4223
13106 4138
13113 4058
13115 3977
13114 3903
13109 3842
13100 3801
13087 3776
13075 3762
13067 3757
13055 3762
13034 3781
13008 3816
12987 3868
12967 3936
12941 4016
12913 4103
12888 4203
12865 4317
12841 4443
12814 4578
12787 4718
12759 4863
12729 5017
12698 5184
12668 5362
12638 5546
12607 5736
12579 5934
12552 6138
12526 6339
12505 6539
12488 6746
12471 6961
12449 7173
12430 7375
12414 7572
12404 7775
12400 7986
12400 8191
12400 8383
12395 8558
12387 8723
12380 8878
12374 9024
12366 9157
12359 9272
12354 9376
12352 9472
12349 9555
12345 9624
12336 9685
12325 9737
12314 9772
12307 9785
12301 9785
12288 9778
12266 9758
12242 9719
12225 9664
12208 9598
12186 9523
12162 9437
12139 9339
12115 9229
12092 9105
12069 8968
12046 8823
12021 8676
11994 8522
11965 8356
11936 8180
11911 8002
11882 7827
11852 7649
11822 7461
11793 7267
11760 7073
11726 6884
11695 6700
11666 6520
11629 6339
11586 6153
11541 5969
11500 5799
11461 5644
11416 5493
11361 5339
11301 5183
11241 5037
11180 4909
11116 4798
11046 4692
10971 4584
10893 4479
10810 4389
10721 4313
10628 4244
10529 4174
10426 4103
10322 4038
10219 3989
10114 3957
10007 3933
9899 3911
9793 3887
9691 3864
9594 3845
9502 3837
9413 3837
9333 3844
9265 3859
9214 3884
9176 3912
9150 3938
9134 3971
9132 4018
9146 4072
9171 4125
9209 4179
9262 4238
9325 4305
9396 4379
9473 4453
9556 4526
9644 4600
9743 4678
9858 4760
9984 4846
10108 4934
10231 5020
10354 5101
10485 5179
10621 5260
10754 5346
10881 5434
11003 5520
11121 5600
11231 5681
11330 5767
11419 5850
11492 5922
11545 5983
11580 6037
11603 6082
11614 6117
11610 6142
11582 6162
11537 6177
11473 6182
11397 6176
11306 6162
11203 6142
11086 6120
10954 6095
10811 6067
10667 6035
10521 6000
10368 5960
10212 5920
10061 5884
9916 5853
9774 5826
9636 5800
9506 5773
9382 5747
9264 5721
9157 5693
9063 5660
8978 5626
8897 5599
8823 5579
8762 5560
8716 5541
8683 5521
8663 5494
8651 5461
8649 5428
8658 5394
8681 5354
8711 5308
8756 5261
8812 5215
8876 5162
8941 5096
9011 5021
9086 4947
9164 4874
9246 4801
9334 4722
9424 4635
9510 4541
9592 4447
9674 4354
9760 4260
9846 4160
9930 4059
10011 3965
10089 3879
10166 3794
10242 3707
10315 3614
10380 3518
10442 3426
10502 3345
10559 3272
10611 3199
10659 3125
10703 3058
10741 3002
10774 2958
10804 2924
10831 2898
10852 2873
10867 2849
10876 2832
10880 2828
10881 2839
10882 2858
10882 2877
10874 2898
10855 2929
10834 2977
10815 3037
10793 3104
10761 3178
10727 3258
10699 3344
10675 3438
10646 3538
10610 3644
10572 3758
10535 3878
10499 4005
10460 4139
10421 4278
10386 4419
10348 4565
10305 4719
10261 4879
10223 5039
10188 5199
10158 5365
10128 5540
10098 5720
10067 5895
10040 6060
10013 6221
9985 6387
9959 6554
9939 6715
9924 6869
9913 7017
9904 7160
9899 7292
9899 7415
9904 7532
9913 7636
9924 7724
9938 7800
9960 7869
9991 7920
10022 7951
10050 7966
10076 7970
10109 7958
10147 7931
10190 7891
10235 7836
10284 7769
10333 7697
10384 7621
10440 7536
10505 7442
10573 7342
10640 7240
10706 7134
10774 7026
10840 6921
10906 6819
10970 6714
11031 6605
11089 6499
11146 6404
11207 6319
11269 6238
11326 6158
11375 6083
11421 6022
11472 5977
11522 5943
11565 5917
11607 5897
11655 5888
11704 5897
11749 5922
11792 5959
11840 5998
11888 6038
11931 6084
11970 6143
12016 6217
12064 6299
12110 6386
12151 6473
12191 6558
12229 6645
12266 6745
12300 6859
12335 6974
12372 7081
12408 7181
12441 7280
12473 7380
12503 7481
12527 7581
12547 7675
12564 7761
12578 7844
12586 7922
12586 7989
12577 8042
12562 8089
12543 8136
12516 8176
12475 8202
12424 8217
12369 8227
12310 8236
12236 8241
12149 8235
12057 8222
11962 8208
11857 8194
11737 8174
11603 8147
11461 8121
11315 8099
11167 8076
11016 8047
10861 8010
10701 7971
10535 7929
10367 7891
10200 7856
10033 7819
9866 7775
9700 7726
9539 7680
9378 7639
9218 7599
9064 7561
8922 7526
8792 7487
8674 7445
8565 7407
8468 7379
8382 7354
8310 7320
8254 7281
8212 7245
8181 7214
8158 7187
8149 7155
8152 7116
8163 7068
8179 7016
8199 6961
8224 6902
8253 6835
8284 6761
8319 6686
8360 6614
8404 6546
8449 6475
8492 6400
8533 6321
8574 6240
8618 6160
8663 6080
8704 6000
8741 5920
8781 5839
8824 5759
8864 5684
8899 5618
8930 5560
8959 5504
8982 5447
9007 5391
9029 5345
9046 5305
9056 5270
9067 5239
9076 5216
9080 5204
9076 5204
9067 5211
9055 5223
9042 5245
9027 5277
9003 5316
8973 5363
8942 5423
8914 5502
8881 5592
8841 5683
8800 5778
8761 5883
8721 6003
8674 6138
8620 6278
8567 6419
8519 6564
8474 6719
8426 6884
8375 7053
8324 7221
8276 7387
8230 7550
8182 7705
8137 7856
8095 8008
8057 8163
8019 8306
7986 8424
7959 8518
7933 8603
7905 8689
7879 8771
7864 8837
7859 8882
7861 8918
7860 8960
