14699 2921
14645 2916
14613 2907
14575 2894
14518 2880
14443 2867
14361 2854
14281 2840
14201 2821
14116 2800
14021 2779
13916 2760
13806 2745
13696 2734
13587 2725
13474 2714
13354 2705
13232 2700
13113 2699
13003 2700
12899 2700
12803 2699
12711 2699
12628 2706
12557 2719
12502 2733
12457 2746
12423 2759
12396 2778
12380 2805
12381 2840
12406 2879
12455 2914
12521 2946
12595 2979
12682 3019
12788 3065
12911 3114
13044 3166
13181 3215
13319 3259
13455 3302
13588 3347
13717 3388
13836 3421
13943 3448
14039 3475
14124 3501
14192 3522
14240 3536
14272 3541
14287 3541
14283 3541
14260 3541
14224 3535
14178 3521
14117 3500
14038 3479
13949 3465
13854 3459
13754 3459
13652 3458
13555 3458
13460 3465
13360 3484
13253 3511
13150 3538
13059 3570
12977 3618
12899 3678
12823 3740
12756 3799
12703 3859
12669 3925
12645 3999
12622 4079
12605 4160
12602 4240
12615 4320
12638 4400
12669 4481
12712 4561
12763 4636
12820 4703
12884 4762
12953 4810
13025 4849
13100 4883
13179 4910
13259 4922
13340 4925
13426 4922
13514 4911
13600 4884
13681 4844
13760 4791
13840 4728
13920 4657
14001 4581
14081 4501
14155 4417
14221 4328
14280 4229
14340 4120
14406 4008
14475 3900
14541 3793
14597 3681
14641 3566
14680 3452
14721 3344
14766 3245
14810 3152
14847 3065
14876 2980
14900 2898
14921 2818
14941 2743
14961 2682
14980 2636
14994 2603
15007 2579
15021 2563
15033 2552
15041 2549
15046 2557
15053 2577
15066 2609
15081 2651
15094 2702
15100 2763
15100 2838
15106 2923
15120 3012
15134 3103
15140 3203
15140 3317
15146 3443
15159 3579
15174 3718
15187 3859
15196 4005
15200 4159
15195 4318
15186 4479
15180 4646
15179 4819
15181 4993
15181 5165
15173 5339
15161 5519
15152 5705
15147 5895
15145 6081
15140 6261
15139 6435
15141 6606
15146 6775
15149 6947
15147 7117
15140 7277
15134 7418
15132 7543
15134 7662
15133 7778
15126 7884
15121 7973
15125 8039
15129 8085
15126 8119
15115 8144
15106 8154
15100 8145
15095 8114
15086 8065
15074 7999
15060 7917
15047 7822
15035 7723
15020 7623
14996 7512
14966 7382
14935 7236
14906 7086
14875 6941
14841 6799
14802 6655
14757 6506
14701 6354
14636 6204
14569 6060
14497 5925
14416 5794
14320 5659
14209 5519
14085 5385
13948 5265
13803 5152
13655 5038
13501 4925
13343 4823
13182 4737
13014 4659
12834 4585
12652 4512
12479 4443
12318 4383
12159 4337
11999 4303
11839 4279
11683 4258
11536 4239
11402 4226
11288 4219
11190 4214
11100 4205
11021 4194
10966 4189
10939 4193
10933 4203
10945 4218
10980 4240
11043 4270
11134 4302
11252 4330
11390 4360
11541 4397
11703 4444
11878 4499
12064 4558
12254 4621
12441 4685
12621 4748
12797 4810
12969 4874
13132 4946
13279 5021
13406 5089
13515 5147
13606 5202
13675 5260
13721 5315
13742 5362
13740 5401
13714 5435
13667 5468
13601 5502
13513 5528
13399 5542
13266 5553
13125 5568
12972 5585
12799 5601
12604 5614
12397 5625
12182 5639
11961 5660
11735 5686
11506 5710
11274 5727
11045 5736
10818 5740
10597 5741
10388 5741
10196 5741
10020 5735
9855 5721
9706 5702
9581 5683
9480 5657
9395 5617
9321 5558
9261 5488
9221 5416
9202 5342
9201 5263
9210 5170
9229 5063
9262 4948
9311 4830
9370 4707
9434 4578
9497 4441
9560 4295
9631 4140
9713 3987
9798 3840
9881 3694
9966 3541
10054 3381
10140 3220
10222 3063
10301 2912
10374 2770
10440 2639
10507 2511
10581 2384
10655 2265
10716 2155
10762 2056
10801 1970
10840 1902
10881 1844
10921 1793
10955 1751
10980 1732
11000 1735
11027 1756
11059 1788
11090 1830
11112 1887
11128 1961
11145 2055
11167 2168
11194 2297
11215 2437
11228 2583
11235 2737
11238 2901
11241 3083
11252 3283
11267 3491
11280 3704
11288 3920
11295 4145
11300 4373
11301 4600
11300 4827
11301 5056
11301 5281
11295 5496
11281 5703
11265 5903
11253 6097
11251 6278
11254 6445
11254 6599
11245 6739
11233 6860
11231 6959
11240 7040
11252 7106
11259 7154
11265 7180
11278 7180
11304 7160
11339 7126
11374 7073
11405 6999
11434 6906
11470 6798
11514 6676
11565 6543
11614 6408
11659 6270
11706 6121
11759 5961
11818 5800
11880 5644
11946 5493
12014 5344
12080 5198
12140 5058
12199 4929
12266 4812
12340 4702
12413 4598
12479 4503
12546 4421
12625 4350
12713 4293
12799 4256
12880 4235
12966 4228
13058 4232
13152 4247
13246 4271
13346 4308
13451 4361
13558 4434
13668 4523
13784 4627
13902 4744
14020 4875
14136 5019
14248 5171
14347 5325
14443 5481
14541 5638
14636 5798
14716 5960
14782 6132
14844 6309
14903 6480
14952 6637
14978 6787
14985 6936
14985 7083
14977 7217
14952 7336
14906 7443
14845 7548
14772 7651
14684 7743
14579 7819
14458 7877
14323 7923
14178 7962
14023 7997
13857 8023
13680 8037
13496 8037
13313 8028
13129 8016
12940 8001
12741 7981
12540 7955
12341 7929
12145 7902
11948 7862
11746 7809
11545 7754
11346 7702
11155 7647
10974 7583
10803 7515
10634 7442
10465 7362
10298 7275
10137 7182
9984 7086
9844 6987
9711 6891
9583 6802
9458 6719
9349 6628
9253 6527
9164 6428
9074 6338
8985 6247
8899 6152
8818 6060
8744 5978
8679 5899
8618 5819
8557 5744
8500 5679
8456 5623
8417 5568
8376 5514
8329 5467
8286 5434
8246 5412
8207 5397
8165 5384
8126 5378
8093 5382
8064 5399
8033 5428
8005 5465
7985 5508
7972 5564
7960 5636
7946 5717
7933 5804
7924 5897
7920 5998
7920 6110
7921 6228
7914 6351
7900 6470
7886 6586
7880 6696
7880 6802
7874 6902
7861 6996
7847 7082
7834 7162
7820 7236
7801 7302
7780 7358
7760 7401
7740 7434
7720 7464
7700 7499
