17839 3079
17802 3103
17757 3116
17708 3116
17658 3108
17597 3095
17517 3080
17423 3061
17323 3041
17221 3021
17110 3000
16989 2974
16861 2946
16728 2921
16591 2898
16454 2874
16324 2852
16199 2833
16079 2819
15960 2806
15839 2793
15718 2784
15604 2780
15503 2784
15416 2793
15337 2805
15263 2820
15202 2838
15155 2859
15121 2885
15102 2919
15100 2958
15115 2999
15148 3045
15196 3098
15256 3158
15323 3225
15403 3299
15498 3379
15604 3460
15713 3539
15820 3619
15927 3705
16035 3800
16141 3900
16242 3995
16338 4081
16423 4162
16493 4242
16545 4316
16579 4377
16599 4422
16605 4461
16592 4500
16558 4541
16511 4581
16458 4615
16395 4640
16317 4659
16229 4683
16136 4724
16040 4779
15935 4838
15826 4893
15720 4949
15620 5016
15519 5102
15415 5208
15311 5325
15208 5448
15110 5580
15013 5722
14922 5870
14838 6028
14768 6203
14709 6401
14661 6611
14629 6825
14616 7040
14615 7258
14622 7481
14642 7708
14681 7932
14736 8139
14802 8321
14878 8481
14965 8621
15059 8736
15153 8823
15244 8879
15339 8904
15445 8893
15559 8844
15670 8758
15772 8641
15869 8500
15966 8340
16067 8165
16169 7972
16267 7762
16356 7542
16440 7322
16521 7101
16600 6874
16680 6640
16760 6404
16841 6177
16922 5964
16995 5764
17055 5571
17107 5378
17161 5191
17220 5016
17275 4855
17321 4705
17363 4569
17407 4439
17443 4314
17466 4198
17483 4101
17506 4022
17529 3957
17542 3901
17543 3857
17540 3827
17534 3811
17528 3807
17520 3816
17508 3841
17493 3882
17476 3941
17459 4014
17440 4100
17421 4207
17405 4341
17389 4495
17372 4656
17349 4822
17325 5002
17300 5207
17280 5429
17260 5663
17240 5904
17215 6156
17186 6416
17156 6689
17126 6978
17089 7278
17046 7580
17000 7879
16960 8179
16926 8484
16893 8798
16854 9119
16812 9447
16775 9776
16740 10097
16700 10400
16655 10690
16611 10985
16574 11289
16540 11590
16504 11875
16467 12147
16436 12409
16415 12658
16398 12893
16374 13112
16346 13315
16325 13495
16312 13648
16299 13771
16287 13868
16279 13938
16273 13978
16267 13984
16261 13953
16253 13883
16240 13778
16226 13642
16219 13480
16219 13294
16220 13092
16221 12874
16220 12638
16213 12377
16206 12102
16206 11827
16213 11560
16219 11294
16220 11019
16226 10740
16240 10469
16253 10212
16260 9964
16267 9719
16279 9477
16295 9237
16307 9008
16309 8797
16306 8602
16307 8417
16314 8237
16321 8064
16322 7903
16316 7756
16301 7616
16281 7488
16261 7376
16241 7281
16215 7198
16182 7124
16142 7057
16096 6997
16042 6944
15982 6903
15916 6871
15847 6848
15771 6833
15687 6829
15597 6834
15501 6845
15396 6854
15283 6859
15163 6865
15035 6879
14896 6900
14753 6920
14609 6934
14466 6945
14317 6960
14161 6985
13995 7014
13825 7040
13660 7061
13505 7080
13354 7100
13198 7121
13039 7140
12890 7154
12758 7167
12636 7180
12517 7194
12404 7208
12303 7221
12217 7228
12136 7227
12062 7222
12002 7220
11961 7215
11937 7202
11923 7180
11916 7154
11916 7132
11929 7114
11962 7099
12009 7082
12062 7059
12124 7034
12201 7012
12295 6994
12403 6979
12523 6959
12651 6938
12782 6925
12923 6925
13083 6932
13258 6939
13439 6946
13619 6959
13800 6977
13985 6998
14174 7024
14366 7064
14556 7118
14740 7178
14915 7239
15087 7305
15260 7379
15435 7458
15608 7540
15771 7625
15923 7712
16064 7804
16197 7905
16318 8014
16425 8126
16518 8230
16598 8326
16664 8420
16718 8519
16759 8627
16786 8736
16794 8835
16780 8922
16741 9002
16679 9080
16600 9154
16504 9227
16392 9301
16264 9375
16125 9441
15973 9496
15805 9546
15613 9595
15402 9647
15183 9695
14967 9735
14749 9768
14523 9801
14283 9834
14034 9861
13780 9881
13532 9900
13293 9921
13057 9941
12818 9955
12584 9961
12367 9962
12168 9961
11986 9956
11826 9942
11692 9916
11583 9883
11499 9844
11444 9798
11417 9733
11418 9646
11445 9539
11499 9417
11579 9283
11680 9142
11801 8997
11941 8843
12097 8677
12265 8496
12439 8308
12612 8117
12786 7921
12966 7716
13155 7500
13342 7280
13516 7066
13676 6859
13832 6654
13995 6446
14162 6238
14323 6031
14465 5836
14589 5658
14703 5492
14816 5324
14923 5152
15017 4988
15096 4843
15168 4716
15236 4596
15301 4482
15357 4383
15402 4302
15436 4235
15462 4177
15482 4128
15495 4096
15501 4081
15502 4082
15502 4095
15496 4122
15481 4167
15456 4229
15426 4307
15394 4397
15367 4500
15341 4616
15309 4748
15268 4896
15222 5056
15173 5223
15121 5401
15067 5596
15015 5809
14961 6038
14901 6272
14835 6506
14765 6739
14695 6976
14631 7222
14568 7484
14506 7763
14441 8053
14374 8340
14305 8620
14239 8900
14179 9185
14125 9475
14074 9766
14020 10051
13965 10327
13913 10591
13870 10849
13834 11100
13803 11339
13773 11555
13750 11741
13737 11901
13736 12042
13744 12162
13764 12251
13791 12303
13825 12323
13865 12317
13911 12283
13963 12216
14024 12114
14098 11986
14183 11845
14272 11697
14365 11533
14466 11349
14573 11151
14679 10946
14780 10742
14885 10539
14999 10334
15119 10126
15240 9918
15360 9718
15479 9530
15600 9353
15726 9178
15855 8998
15981 8823
16100 8662
16216 8521
16333 8397
16450 8283
16560 8177
16662 8076
16762 7988
16861 7916
16955 7861
17041 7817
17122 7782
17201 7756
17275 7747
17340 7756
17402 7781
17467 7817
17529 7868
17581 7930
17622 8007
17661 8098
17700 8206
17736 8324
17768 8453
17795 8599
17814 8761
17827 8930
17841 9104
17861 9289
17876 9492
17875 9704
17861 9913
17847 10119
17840 10330
17835 10553
17822 10785
17797 11016
17763 11241
17720 11455
17670 11661
17618 11866
17570 12075
17520 12283
17463 12482
17396 12665
17322 12835
17242 12997
17156 13156
17062 13309
16961 13452
16857 13585
16748 13699
16631 13793
16502 13866
16363 13926
16216 13967
16061 13985
15902 13981
15740 13965
15574 13933
15406 13879
15240 13806
15079 13719
14919 13619
14760 13499
14605 13359
14453 13205
14303 13036
14158 12856
14025 12668
13905 12482
13787 12295
13663 12100
13539 11894
13429 11692
13337 11500
13258 11312
13180 11118
13099 10925
13019 10744
12944 10576
12879 10417
12824 10264
12772 10124
12719 9992
12670 9863
12632 9739
12603 9624
12580 9520
12559 9419
12540 9313
12519 9206
12499 9106
12485 9012
12479 8920
12479 8827
12480 8735
12480 8641
12479 8541
12479 8435
12485 8326
12499 8215
12519 8105
12538 7994
12559 7885
12592 7781
12633 7679
12672 7574
12707 7466
12746 7360
12793 7259
12840 7160
12881 7060
12920 6959
12960 6858
13000 6764
13041 6684
13081 6612
13115 6544
13141 6480
13160 6423
13180 6372
13207 6329
13235 6298
13255 6277
13262 6262
13262 6257
13261 6268
13261 6296
13255 6336
13242 6383
13222 6444
13195 6517
13161 6596
13121 6682
13081 6781
13041 6901
12996 7042
12943 7198
12876 7356
12801 7517
12722 7688
12646 7882
12569 8096
12487 8317
12401 8539
12314 8765
12225 8998
12135 9238
12046 9486
11958 9740
11872 9994
11791 10241
11720 10482
11652 10722
11580 10961
11506 11191
11438 11410
11377 11619
11319 11812
11270 11986
11227 12141
11188 12280
11153 12394
11129 12481
11118 12546
11118 12593
11121 12625
11120 12639
