12679 2780
12623 2779
12596 2762
12567 2747
12523 2740
12469 2734
12415 2722
12355 2701
12288 2673
12215 2646
12140 2627
12063 2614
11981 2595
11889 2561
11787 2519
11682 2485
11579 2465
11475 2453
11366 2440
11255 2421
11145 2398
11035 2378
10925 2370
10814 2373
10705 2383
10599 2393
10499 2405
10405 2425
10312 2452
10219 2484
10130 2520
10051 2563
9983 2613
9923 2670
9871 2733
9829 2804
9798 2880
9777 2960
9763 3039
9753 3118
9754 3199
9766 3291
9788 3393
9819 3494
9862 3586
9912 3674
9969 3770
10032 3874
10103 3980
10183 4081
10272 4173
10370 4266
10472 4367
10579 4474
10692 4575
10809 4662
10920 4743
11022 4822
11120 4896
11220 4958
11322 5008
11421 5050
11511 5087
11589 5123
11658 5156
11717 5176
11764 5183
11798 5183
11817 5176
11824 5163
11819 5137
11803 5100
11773 5055
11729 5012
11671 4974
11602 4939
11529 4901
11456 4860
11374 4818
11282 4779
11187 4750
11093 4732
11000 4718
10906 4706
10813 4697
10725 4692
10639 4695
10557 4711
10478 4742
10409 4780
10352 4823
10308 4867
10272 4915
10242 4972
10217 5042
10210 5124
10217 5213
10231 5304
10245 5394
10263 5486
10290 5579
10331 5673
10384 5768
10440 5867
10491 5962
10545 6047
10611 6128
10690 6215
10773 6301
10858 6378
10945 6443
11039 6497
11139 6543
11241 6578
11340 6603
11435 6612
11527 6610
11615 6599
11700 6577
11781 6538
11862 6485
11941 6422
12011 6351
12072 6269
12126 6176
12178 6076
12224 5969
12266 5855
12303 5733
12341 5607
12374 5487
12401 5373
12427 5254
12455 5126
12480 5000
12495 4884
12507 4773
12520 4665
12535 4560
12547 4458
12550 4358
12547 4264
12541 4179
12535 4102
12526 4032
12509 3969
12491 3917
12476 3876
12465 3843
12450 3824
12431 3816
12409 3817
12391 3823
12376 3843
12358 3876
12335 3922
12312 3978
12293 4043
12280 4116
12266 4197
12249 4290
12232 4397
12215 4511
12199 4630
12181 4758
12165 4896
12147 5044
12131 5203
12122 5371
12117 5549
12108 5738
12098 5937
12093 6145
12093 6359
12092 6574
12088 6787
12084 6997
12082 7201
12085 7396
12089 7582
12086 7762
12075 7941
12065 8118
12059 8285
12059 8433
12061 8559
12060 8666
12055 8759
12046 8839
12035 8900
12026 8940
12014 8959
12001 8959
11986 8946
11968 8919
11946 8872
11926 8805
11908 8725
11891 8638
11875 8537
11859 8418
11839 8283
11821 8142
11806 8001
11793 7857
11774 7702
11752 7536
11734 7362
11720 7186
11707 7008
11689 6832
11666 6655
11641 6478
11620 6301
11600 6125
11575 5952
11546 5784
11515 5623
11485 5471
11456 5329
11427 5199
11390 5078
11340 4959
11282 4839
11227 4723
11175 4618
11115 4524
11042 4439
10963 4358
10881 4278
10795 4205
10702 4146
10603 4093
10496 4033
10380 3965
10256 3906
10132 3862
10009 3826
9885 3792
9755 3761
9625 3731
9495 3700
9370 3672
9247 3652
9131 3639
9020 3626
8911 3613
8804 3605
8704 3600
8621 3599
8552 3599
8494 3599
8440 3605
8393 3620
8359 3639
8342 3653
8331 3666
8324 3685
8324 3713
8337 3744
8358 3774
8383 3805
8413 3840
8454 3879
8507 3920
8569 3960
8634 3998
8704 4039
8778 4090
8858 4153
8945 4219
9040 4280
9138 4339
9233 4404
9331 4479
9438 4559
9554 4640
9671 4720
9784 4799
9897 4880
10010 4966
10125 5054
10236 5140
10342 5221
10442 5301
10535 5381
10622 5460
10708 5535
10790 5608
10861 5681
10923 5749
10983 5808
11036 5864
11078 5916
11103 5956
11118 5983
11124 6003
11118 6016
11097 6021
11059 6017
11009 6008
10947 5995
10873 5974
10786 5947
10694 5921
10597 5900
10490 5875
10367 5840
10236 5801
10107 5767
9980 5733
9849 5694
9713 5652
9575 5614
9437 5584
9300 5555
9171 5524
9047 5494
8924 5471
8799 5454
8678 5440
8569 5421
8472 5395
8382 5366
8299 5340
8224 5319
8156 5300
8097 5280
8049 5261
8017 5240
7997 5214
7984 5187
7977 5161
7977 5134
7989 5101
8013 5062
8048 5020
8086 4975
8129 4926
8180 4876
8243 4827
8307 4775
8372 4715
8441 4647
8512 4576
8581 4506
8647 4435
8714 4361
8780 4282
8846 4201
8910 4115
8972 4026
9029 3935
9085 3846
9141 3754
9200 3660
9255 3565
9307 3474
9356 3386
9406 3300
9451 3213
9491 3125
9524 3040
9558 2964
9590 2893
9621 2825
9641 2760
9655 2698
9666 2637
9680 2584
9695 2545
9708 2518
9714 2492
9715 2465
9714 2445
9714 2438
9714 2437
9708 2438
9701 2444
9688 2463
9673 2497
9656 2537
9639 2584
9615 2639
9586 2704
9561 2773
9539 2844
9515 2919
9486 3003
9455 3098
9425 3199
9394 3303
9365 3412
9341 3529
9320 3659
9294 3798
9261 3939
9227 4079
9198 4219
9173 4365
9152 4519
9133 4679
9113 4840
9091 5000
9075 5160
9064 5320
9054 5481
9041 5641
9027 5796
9013 5942
8999 6082
8987 6218
8979 6348
8973 6465
8966 6568
8960 6664
8958 6756
8960 6837
8964 6904
8972 6958
8985 7003
9005 7037
9028 7058
9049 7065
9070 7057
9096 7032
9127 6995
9159 6951
9191 6901
9228 6842
9270 6776
9314 6708
9359 6636
9405 6555
9454 6462
9505 6367
9560 6274
9614 6180
9665 6081
9716 5979
9771 5879
9823 5785
9871 5699
9916 5619
9966 5539
10015 5459
10059 5382
10095 5316
10133 5268
10175 5238
10213 5218
10243 5197
10272 5178
10302 5169
10331 5176
10356 5196
10384 5224
10410 5264
10437 5312
10463 5364
10490 5419
10515 5482
10545 5558
10574 5644
10605 5738
10634 5833
10670 5929
10710 6033
10751 6150
10788 6274
10821 6394
10857 6507
10896 6616
10937 6727
10977 6835
11013 6935
11042 7028
11067 7117
11089 7201
11108 7278
11123 7344
11131 7397
11123 7437
11098 7463
11063 7484
11023 7496
10976 7497
10917 7483
10844 7463
10762 7436
10670 7402
10568 7357
10463 7301
10353 7241
10235 7180
10114 7120
9995 7060
9873 7000
9741 6941
9608 6880
9478 6813
9348 6746
9218 6686
9089 6633
8959 6579
8827 6521
8694 6465
8564 6413
8435 6363
8310 6319
8187 6285
8069 6259
7954 6233
7848 6205
7747 6180
7655 6165
7571 6154
7495 6139
7430 6121
7382 6106
7348 6093
7324 6081
7310 6068
7309 6049
7317 6020
7336 5983
7366 5947
7402 5909
7440 5861
7485 5802
7539 5740
7594 5680
7645 5620
7695 5561
7751 5501
7809 5434
7864 5361
7916 5286
7972 5214
8028 5145
8082 5075
8128 5005
8168 4934
8201 4866
8235 4800
8269 4732
8294 4665
8308 4606
8322 4558
8339 4512
8349 4465
8353 4425
8356 4397
8359 4373
8356 4350
8348 4332
8334 4323
8315 4323
8292 4332
8269 4349
8246 4372
8221 4404
8195 4444
8167 4492
8135 4543
8095 4599
8052 4663
8009 4738
7970 4824
7930 4913
7890 5004
7849 5099
7812 5203
7774 5313
7733 5432
7688 5553
7646 5673
7606 5793
7567 5919
7527 6046
7487 6171
7446 6301
7405 6439
7368 6574
7335 6703
7304 6828
7276 6949
7248 7061
7220 7169
7192 7276
7168 7376
7144 7462
7120 7537
7099 7609
7085 7676
7076 7729
7063 7767
7039 7798
