16980 2379
16900 2364
16821 2353
16726 2340
16611 2322
16480 2300
16337 2275
16179 2247
16005 2216
15817 2181
15616 2139
15407 2094
15195 2057
14984 2032
14774 2012
14568 1992
14367 1974
14178 1957
14003 1945
13846 1939
13711 1943
13600 1952
13514 1964
13457 1984
13439 2012
13461 2049
13522 2092
13622 2144
13753 2205
13911 2271
14087 2340
14276 2412
14465 2488
14644 2562
14805 2629
14949 2684
15072 2728
15171 2763
15242 2796
15283 2822
15291 2838
15267 2842
15218 2836
15147 2826
15048 2813
14919 2805
14771 2806
14616 2812
14455 2818
14284 2824
14106 2842
13921 2876
13736 2928
13559 2991
13395 3062
13241 3143
13101 3236
12984 3342
12891 3464
12828 3598
12798 3738
12803 3880
12834 4027
12885 4173
12954 4315
13047 4456
13161 4593
13291 4712
13431 4803
13574 4866
13714 4908
13850 4932
13982 4939
14104 4929
14215 4898
14320 4844
14415 4764
14491 4660
14555 4544
14617 4422
14675 4291
14722 4147
14757 3996
14787 3845
14815 3694
14841 3544
14865 3397
14890 3263
14917 3142
14944 3036
14966 2942
14981 2862
14995 2795
15012 2740
15028 2702
15039 2685
15047 2688
15060 2712
15075 2755
15086 2819
15088 2900
15087 3000
15093 3121
15102 3267
15105 3429
15097 3601
15091 3788
15088 3996
15086 4222
15082 4457
15073 4697
15058 4948
15046 5218
15046 5504
15053 5795
15054 6081
15047 6355
15040 6621
15039 6887
15038 7156
15040 7423
15047 7679
15059 7915
15065 8126
15060 8311
15045 8473
15025 8611
15002 8721
14981 8797
14960 8847
14934 8875
14901 8881
14871 8860
14848 8816
14825 8751
14800 8667
14775 8565
14751 8445
14728 8311
14706 8162
14687 8003
14667 7840
14646 7675
14623 7507
14600 7335
14571 7159
14534 6981
14487 6805
14433 6633
14367 6465
14289 6300
14199 6138
14099 5979
13979 5825
13839 5678
13679 5537
13509 5403
13327 5279
13135 5169
12927 5066
12703 4963
12463 4864
12214 4780
11966 4717
11723 4671
11479 4632
11222 4586
10957 4537
10700 4500
10462 4477
10229 4457
9995 4434
9779 4417
9596 4411
9447 4409
9331 4413
9255 4431
9209 4453
9189 4471
9203 4489
9257 4516
9340 4545
9451 4578
9599 4619
9778 4669
9975 4719
10184 4776
10409 4847
10646 4929
10886 5008
11122 5084
11355 5166
11584 5259
11804 5354
12009 5442
12192 5521
12345 5594
12472 5668
12578 5743
12661 5810
12712 5857
12729 5890
12716 5917
12676 5941
12612 5956
12524 5962
12416 5967
12289 5969
12144 5966
11980 5961
11797 5959
11597 5958
11390 5959
11176 5966
10954 5980
10721 5993
10487 5999
10257 6004
10033 6020
9818 6052
9608 6083
9397 6099
9178 6102
8969 6111
8781 6135
8615 6160
8461 6171
8315 6168
8187 6163
8081 6156
7998 6141
7930 6113
7878 6075
7843 6027
7826 5967
7828 5891
7850 5809
7883 5724
7923 5630
7966 5517
8022 5389
8088 5255
8157 5120
8221 4982
8285 4842
8354 4695
8431 4535
8509 4367
8585 4201
8655 4039
8726 3874
8800 3706
8874 3540
8941 3378
9007 3219
9070 3066
9130 2918
9183 2771
9239 2625
9301 2488
9361 2364
9414 2255
9463 2158
9513 2070
9556 1983
9592 1908
9625 1850
9662 1814
9698 1792
9732 1775
9760 1761
9788 1762
9818 1792
9850 1844
9880 1908
9902 1977
9915 2055
9927 2148
9941 2262
9954 2391
9961 2529
9961 2673
9961 2822
9961 2979
9955 3150
9940 3330
9920 3516
9905 3710
9900 3924
9899 4152
9895 4380
9888 4600
9875 4820
9853 5045
9827 5273
9806 5500
9792 5729
9781 5957
9767 6173
9748 6371
9724 6567
9700 6771
9689 6971
9689 7147
9691 7295
9683 7419
9670 7527
9661 7620
9663 7694
9668 7740
9671 7762
9673 7767
9682 7749
9699 7701
9730 7625
9767 7533
9804 7435
9839 7327
9878 7203
9930 7058
9993 6902
10058 6741
10119 6580
10184 6420
10259 6260
10344 6099
10432 5937
10519 5783
10611 5643
10712 5522
10818 5411
10926 5304
11034 5203
11144 5115
11254 5042
11369 4987
11488 4950
11616 4927
11748 4911
11878 4906
12005 4916
12140 4951
12284 5010
12429 5088
12568 5173
12700 5261
12828 5350
12957 5458
13091 5597
13231 5762
13361 5931
13475 6094
13572 6256
13657 6432
13737 6620
13808 6813
13859 6999
13883 7169
13883 7323
13855 7470
13796 7615
13707 7753
13595 7877
13465 7980
13315 8065
13145 8136
12953 8197
12744 8249
12524 8297
12296 8336
12057 8363
11807 8383
11549 8396
11292 8401
11040 8397
10792 8387
10545 8371
10301 8349
10057 8317
9816 8269
9585 8209
9374 8148
9177 8090
8987 8021
8809 7937
8650 7844
8510 7747
8380 7643
8265 7534
8166 7424
8081 7309
8002 7180
7932 7041
7880 6910
7845 6792
7818 6684
7791 6575
7768 6465
7752 6354
7740 6244
7722 6138
7698 6044
7675 5958
7658 5877
7645 5798
7635 5730
7624 5676
7615 5630
7607 5595
7600 5573
7588 5562
7574 5552
7561 5544
7545 5549
7527 5569
7513 5602
7507 5650
7501 5711
7487 5776
7468 5844
7451 5923
7440 6021
7433 6132
7425 6250
7415 6372
7406 6498
7399 6631
7393 6773
7393 6918
7395 7066
7393 7214
7381 7366
7366 7516
7360 7662
7360 7797
7354 7923
7340 8037
7327 8142
7322 8237
7319 8322
7300 8399
