16038 3939
16007 3924
15970 3914
15921 3900
15857 3881
15786 3861
15715 3840
15646 3814
15576 3786
15500 3761
15416 3739
15327 3714
15234 3687
15140 3659
15047 3633
14953 3611
14859 3594
14767 3579
14679 3560
14593 3540
14505 3526
14419 3513
14339 3499
14265 3486
14193 3479
14123 3477
14058 3479
14003 3486
13963 3498
13937 3513
13916 3531
13902 3553
13902 3583
13921 3618
13957 3664
14003 3718
14058 3778
14118 3839
14184 3905
14258 3979
14338 4059
14426 4140
14520 4220
14614 4300
14702 4380
14782 4461
14857 4540
14923 4615
14978 4687
15018 4755
15045 4820
15057 4881
15057 4942
15045 5000
15023 5050
14986 5093
14935 5131
14872 5166
14802 5194
14724 5218
14636 5251
14535 5299
14427 5352
14320 5400
14220 5446
14121 5498
14014 5557
13900 5624
13785 5704
13678 5792
13583 5882
13499 5978
13418 6088
13338 6217
13263 6358
13202 6500
13156 6639
13122 6779
13098 6924
13084 7079
13077 7245
13077 7414
13083 7579
13102 7741
13137 7907
13183 8076
13238 8237
13296 8380
13362 8506
13444 8612
13542 8697
13651 8770
13765 8839
13886 8903
14012 8948
14139 8967
14266 8961
14399 8935
14539 8887
14681 8816
14820 8715
14956 8587
15088 8434
15214 8263
15334 8082
15453 7896
15575 7707
15699 7511
15816 7307
15928 7096
16036 6879
16139 6659
16236 6444
16333 6238
16429 6042
16519 5852
16602 5669
16688 5496
16775 5336
16854 5189
16922 5057
16988 4935
17055 4822
17115 4724
17162 4641
17202 4570
17241 4508
17281 4461
17316 4433
17342 4426
17363 4441
17376 4475
17381 4522
17376 4578
17366 4641
17355 4715
17346 4806
17335 4921
17322 5060
17303 5215
17275 5382
17235 5561
17192 5757
17155 5968
17125 6190
17089 6422
17048 6670
17002 6932
16954 7201
16902 7474
16848 7756
16789 8047
16719 8344
16645 8641
16579 8940
16529 9239
16488 9539
16446 9839
16396 10148
16339 10462
16280 10764
16226 11048
16180 11320
16133 11588
16080 11848
16027 12088
15979 12300
15933 12473
15885 12599
15839 12680
15799 12726
15766 12739
15734 12712
15698 12644
15659 12544
15630 12417
15618 12262
15613 12075
15606 11860
15594 11626
15585 11379
15580 11116
15578 10836
15579 10547
15586 10260
15599 9979
15613 9700
15626 9420
15640 9138
15659 8859
15679 8590
15701 8331
15725 8077
15748 7829
15771 7596
15795 7380
15825 7183
15855 7003
15882 6835
15902 6671
15916 6514
15921 6376
15921 6260
15920 6157
15920 6062
15921 5975
15920 5907
15915 5862
15908 5835
15897 5816
15880 5804
15851 5804
15814 5817
15776 5836
15735 5858
15683 5890
15624 5938
15557 5993
15476 6046
15382 6095
15283 6140
15182 6187
15076 6236
14956 6281
14827 6316
14697 6340
14567 6361
14430 6386
14281 6414
14122 6440
13965 6462
13813 6481
13666 6496
13521 6508
13374 6509
13220 6500
13060 6488
12905 6479
12758 6473
12613 6467
12471 6461
12333 6453
12203 6440
12080 6427
11964 6420
11852 6413
11744 6401
11643 6386
11554 6372
11481 6365
11428 6366
11395 6373
11374 6380
11362 6381
11367 6380
11395 6379
11440 6380
11500 6385
11576 6394
11673 6405
11785 6415
11907 6425
12037 6434
12182 6445
12342 6460
12518 6479
12704 6498
12893 6518
13079 6545
13266 6584
13460 6632
13659 6680
13854 6726
14047 6772
14242 6823
14434 6885
14616 6959
14789 7039
14957 7114
15117 7185
15264 7259
15398 7345
15518 7440
15625 7533
15719 7621
15799 7708
15860 7794
15900 7875
15919 7949
15920 8016
15906 8075
15874 8128
15820 8177
15741 8221
15639 8256
15519 8282
15385 8307
15238 8329
15077 8346
14904 8356
14719 8366
14521 8374
14310 8379
14093 8386
13876 8399
13659 8414
13435 8427
13206 8435
12979 8440
12758 8445
12544 8454
12339 8466
12142 8480
11951 8493
11768 8506
11601 8521
11454 8540
11327 8555
11215 8563
11119 8564
11040 8555
10984 8531
10958 8496
10965 8457
11000 8410
11056 8350
11122 8278
11196 8197
11282 8103
11387 7997
11510 7883
11650 7763
11800 7635
11947 7495
12085 7348
12226 7202
12378 7054
12539 6895
12701 6727
12861 6560
13014 6400
13161 6240
13307 6075
13454 5905
13600 5734
13743 5570
13882 5413
14014 5259
14136 5106
14254 4953
14371 4803
14480 4659
14577 4524
14669 4398
14756 4277
14836 4159
14903 4050
14963 3952
15015 3863
15061 3779
15102 3703
15141 3636
15176 3581
15202 3542
15222 3522
15236 3515
15247 3517
15250 3529
15247 3555
15242 3595
15235 3649
15222 3717
15201 3796
15175 3883
15147 3983
15115 4096
15080 4222
15042 4358
15001 4504
14955 4657
14906 4817
14855 4984
14806 5162
14754 5351
14700 5551
14645 5760
14594 5971
14546 6180
14500 6392
14449 6612
14392 6838
14335 7068
14279 7301
14225 7528
14174 7741
14126 7947
14081 8158
14033 8378
13979 8606
13926 8835
13884 9061
13851 9276
13820 9483
13792 9683
13767 9877
13743 10058
13720 10226
13705 10379
13697 10513
13692 10626
13691 10721
13699 10801
13712 10856
13724 10877
13738 10862
13763 10822
13804 10761
13853 10679
13904 10574
13954 10452
14011 10313
14073 10157
14138 9983
14205 9802
14279 9621
14358 9440
14439 9254
14520 9066
14605 8879
14693 8698
14784 8523
14881 8358
14985 8203
15088 8057
15186 7917
15281 7783
15379 7663
15480 7556
15581 7461
15680 7377
15775 7307
15866 7251
15955 7208
16046 7177
16135 7156
16222 7142
16302 7141
16374 7161
16442 7202
16509 7257
16575 7317
16629 7382
16674 7462
16716 7563
16759 7681
16797 7805
16828 7934
16850 8079
16867 8242
16876 8412
16880 8583
16880 8758
16881 8950
16882 9159
16881 9373
16869 9580
16847 9780
16822 9985
16800 10199
16776 10420
16747 10641
16709 10856
16668 11062
16628 11262
16583 11456
16527 11642
16463 11821
16399 11996
16334 12168
16266 12336
16201 12497
16140 12644
16076 12777
16002 12897
15915 13009
15822 13112
15729 13204
15636 13280
15529 13339
15407 13379
15282 13399
15167 13405
15055 13399
14930 13379
14789 13339
14641 13280
14492 13204
14346 13114
14206 13009
14072 12887
13938 12750
13805 12598
13679 12436
13564 12264
13452 12083
13339 11891
13230 11687
13131 11475
13041 11265
12963 11059
12902 10859
12857 10664
12824 10472
12793 10285
12764 10106
12739 9932
12724 9758
12717 9586
12718 9423
12724 9271
12738 9125
12758 8984
12785 8851
12820 8724
12860 8605
12894 8491
12920 8383
12946 8286
12980 8198
13020 8112
13055 8025
13080 7944
13101 7876
13127 7816
13155 7769
13176 7736
13183 7716
13181 7703
13176 7703
13169 7716
13155 7742
13130 7778
13094 7822
13056 7876
13015 7943
12968 8023
12910 8115
12846 8217
12782 8330
12720 8457
12655 8592
12586 8730
12515 8873
12445 9024
12373 9180
12305 9339
12244 9500
12192 9661
12145 9822
12100 9976
12053 10117
12005 10243
11959 10363
11919 10476
11885 10582
11853 10678
11824 10764
11800 10838
11786 10897
11776 10942
11761 10979
