15339 5902
15306 5914
15252 5909
15188 5902
15122 5895
15055 5886
14982 5869
14898 5848
14801 5826
14696 5802
14587 5777
14475 5751
14359 5729
14240 5703
14125 5676
14018 5655
13919 5644
13825 5634
13733 5620
13644 5606
13559 5593
13484 5584
13417 5579
13357 5579
13303 5585
13263 5594
13237 5604
13218 5614
13204 5631
13196 5653
13201 5678
13223 5706
13263 5738
13311 5772
13362 5812
13418 5858
13490 5907
13577 5958
13671 6013
13766 6072
13866 6132
13973 6195
14081 6260
14182 6321
14276 6376
14362 6427
14444 6477
14517 6521
14577 6555
14619 6582
14649 6607
14670 6629
14681 6646
14689 6656
14697 6666
14696 6675
14678 6680
14645 6681
14602 6680
14550 6680
14488 6680
14422 6680
14353 6680
14281 6679
14207 6680
14134 6684
14060 6693
13981 6709
13900 6732
13820 6764
13740 6804
13659 6852
13579 6903
13503 6959
13438 7023
13383 7098
13338 7179
13298 7264
13263 7352
13237 7443
13223 7545
13223 7658
13236 7777
13256 7899
13288 8025
13339 8161
13405 8301
13468 8431
13521 8545
13568 8646
13619 8734
13674 8799
13727 8840
13776 8861
13820 8870
13860 8862
13901 8835
13946 8788
13987 8728
14025 8659
14068 8583
14118 8491
14167 8383
14213 8263
14261 8140
14312 8014
14360 7887
14408 7761
14455 7634
14499 7500
14536 7364
14572 7234
14608 7116
14646 7001
14682 6884
14715 6767
14739 6658
14760 6558
14787 6461
14821 6364
14848 6267
14861 6175
14867 6093
14880 6023
14899 5958
14914 5893
14927 5835
14941 5788
14954 5749
14960 5713
14961 5678
14966 5650
14974 5633
14980 5624
14981 5613
14980 5603
14980 5599
14980 5608
14981 5625
14980 5650
14974 5683
14966 5726
14961 5776
14960 5833
14954 5897
14940 5965
14926 6037
14919 6117
14919 6208
14921 6312
14920 6428
14914 6553
14906 6683
14900 6819
14899 6963
14900 7117
14900 7279
14900 7450
14900 7626
14900 7805
14900 7992
14900 8182
14900 8372
14900 8557
14900 8740
14900 8917
14900 9090
14901 9250
14901 9397
14895 9532
14880 9657
14860 9766
14845 9856
14840 9932
14840 10003
14834 10064
14820 10112
14806 10144
14800 10163
14799 10170
14795 10170
14785 10164
14774 10145
14770 10108
14774 10058
14780 10007
14781 9955
14775 9895
14767 9828
14760 9761
14754 9694
14746 9621
14735 9541
14726 9461
14715 9381
14699 9295
14682 9203
14667 9103
14648 8995
14621 8875
14588 8748
14553 8621
14520 8494
14488 8361
14455 8221
14414 8080
14366 7939
14320 7798
14284 7660
14254 7530
14225 7406
14194 7283
14165 7165
14140 7058
14118 6962
14099 6873
14085 6789
14079 6713
14078 6647
14079 6591
14085 6549
14099 6519
14119 6498
14140 6478
14160 6459
14181 6445
14201 6440
14217 6439
14223 6434
14218 6427
14198 6421
14163 6413
14117 6402
14062 6388
14004 6369
13938 6342
13857 6307
13753 6270
13635 6232
13511 6189
13382 6144
13244 6101
13096 6065
12936 6032
12769 6000
12596 5971
12414 5946
12226 5923
12039 5905
11864 5898
11697 5898
11536 5899
11382 5899
11247 5905
11135 5919
11041 5938
10957 5958
10882 5981
10816 6010
10766 6042
10735 6075
10725 6109
10736 6150
10767 6194
10811 6239
10862 6286
10922 6334
10996 6384
11088 6434
11198 6491
11317 6554
11439 6618
11566 6680
11699 6745
11832 6814
11966 6886
12107 6954
12254 7019
12395 7087
12521 7160
12642 7233
12767 7301
12891 7367
13004 7434
13098 7501
13177 7563
13244 7615
13303 7657
13351 7694
13384 7724
13405 7747
13412 7764
13405 7776
13380 7776
13338 7764
13278 7742
13205 7715
13124 7681
13031 7641
12919 7600
12791 7560
12651 7520
12496 7479
12328 7439
12156 7405
11985 7378
11814 7353
11645 7331
11478 7314
11317 7303
11164 7295
11023 7292
10890 7288
10767 7280
10661 7268
10580 7255
10520 7240
10475 7222
10447 7196
10437 7166
10445 7131
10464 7093
10500 7051
10559 7001
10631 6942
10699 6875
10760 6807
10825 6741
10899 6675
10979 6601
11060 6517
11140 6427
11219 6334
11300 6241
11387 6147
11474 6053
11555 5954
11627 5853
11695 5753
11766 5658
11836 5567
11900 5479
11956 5392
12007 5304
12054 5225
12102 5158
12149 5097
12190 5034
12216 4975
12228 4926
12236 4889
12246 4858
12255 4831
12261 4810
12261 4799
12255 4797
12247 4797
12236 4803
12220 4823
12196 4858
12167 4903
12135 4951
12100 5003
12060 5069
12021 5151
11986 5242
11953 5339
11914 5443
11872 5557
11833 5684
11804 5817
11782 5958
11760 6106
11727 6259
11686 6412
11652 6565
11632 6725
11619 6893
11601 7065
11580 7235
11559 7401
11539 7562
11525 7717
11519 7864
11519 7997
11520 8113
11520 8215
11520 8307
11519 8388
11519 8455
11525 8505
11538 8533
11557 8540
11579 8531
11611 8510
11652 8477
11693 8436
11731 8385
11775 8320
11824 8244
11873 8167
11920 8089
11971 8007
12027 7915
12085 7820
12141 7727
12200 7635
12259 7540
12319 7440
12381 7339
12446 7245
12508 7160
12566 7078
12623 6993
12680 6911
12729 6838
12767 6772
12801 6711
12841 6652
12885 6597
12923 6552
12953 6516
12982 6486
13012 6463
13039 6446
13067 6436
13100 6431
13134 6438
13160 6455
13182 6479
13207 6515
13233 6560
13254 6614
13272 6674
13294 6742
13319 6813
13346 6890
13375 6973
13406 7064
13435 7158
13460 7255
13482 7358
13501 7462
13515 7560
13522 7655
13523 7749
13517 7840
13496 7924
13464 8001
13424 8070
13376 8129
13317 8183
13243 8230
13162 8262
13077 8283
12983 8301
12878 8316
12757 8328
12622 8330
12482 8322
12340 8308
12195 8289
12046 8267
11894 8241
11745 8213
11598 8186
11457 8162
11325 8139
11204 8110
11086 8077
10969 8042
10859 8011
10763 7987
10677 7968
10596 7941
10523 7907
10468 7869
10430 7836
10407 7804
10394 7772
10391 7735
10387 7694
10379 7651
10370 7610
10372 7571
10388 7530
10414 7486
10445 7435
10475 7384
10500 7335
10521 7292
10540 7247
10560 7195
10580 7140
10600 7087
10619 7033
10640 6979
10666 6929
10694 6878
10720 6822
10741 6766
10761 6713
10780 6660
10794 6606
10806 6553
10821 6504
10840 6459
10855 6420
10861 6384
10861 6348
10860 6316
10860 6288
10860 6263
10861 6239
10861 6224
10855 6218
10841 6219
10820 6224
10800 6233
10786 6244
10775 6263
10761 6293
10735 6335
10701 6380
10668 6429
10639 6485
10607 6552
10574 6624
10541 6699
10507 6778
10466 6865
10422 6958
10384 7053
10349 7155
10309 7263
10269 7376
10237 7489
10213 7599
10187 7705
10157 7815
10130 7932
10108 8050
10089 8161
10072 8257
10054 8346
10034 8435
10013 8527
9994 8615
9973 8694
9952 8768
9933 8843
9919 8915
9907 8976
9895 9023
9881 9059
