12859 2997
12845 2973
12812 2960
12769 2950
12722 2942
12669 2934
12608 2921
12542 2901
12474 2879
12401 2860
12322 2847
12241 2833
12156 2814
12062 2792
11961 2774
11857 2763
11752 2754
11643 2746
11526 2739
11407 2733
11294 2726
11185 2725
11074 2727
10959 2732
10847 2739
10739 2747
10633 2757
10526 2769
10420 2784
10318 2801
10219 2819
10126 2838
10040 2859
9953 2885
9859 2918
9765 2954
9684 2991
9617 3027
9558 3069
9499 3121
9444 3183
9397 3242
9358 3298
9329 3354
9312 3417
9302 3486
9299 3559
9304 3633
9318 3706
9337 3780
9359 3859
9389 3939
9432 4020
9483 4107
9539 4193
9598 4274
9664 4352
9738 4435
9818 4525
9905 4609
9999 4686
10099 4762
10199 4840
10299 4913
10406 4982
10519 5053
10633 5123
10747 5187
10861 5243
10974 5295
11081 5341
11182 5383
11281 5420
11377 5449
11463 5474
11537 5497
11597 5514
11649 5517
11698 5513
11736 5511
11758 5506
11764 5490
11763 5463
11751 5432
11728 5398
11693 5362
11647 5319
11591 5281
11528 5244
11457 5211
11381 5175
11296 5138
11202 5100
11101 5072
10994 5052
10886 5033
10781 5013
10678 4993
10573 4977
10472 4966
10379 4965
10292 4972
10205 4980
10119 4985
10038 4992
9963 5010
9898 5040
9844 5077
9797 5113
9757 5152
9724 5198
9704 5251
9692 5311
9684 5380
9679 5452
9678 5520
9683 5587
9699 5658
9723 5733
9752 5812
9784 5893
9824 5974
9877 6053
9938 6133
10004 6214
10078 6298
10158 6384
10244 6466
10333 6537
10430 6602
10532 6661
10638 6717
10752 6768
10873 6810
10993 6841
11108 6869
11221 6895
11334 6915
11447 6924
11556 6924
11660 6910
11756 6882
11847 6845
11935 6802
12021 6750
12102 6683
12176 6609
12243 6530
12301 6441
12350 6343
12394 6241
12436 6134
12474 6022
12503 5907
12528 5789
12549 5667
12567 5541
12576 5413
12580 5284
12580 5160
12581 5045
12585 4933
12589 4820
12593 4704
12595 4592
12594 4490
12587 4398
12581 4311
12574 4225
12566 4144
12556 4072
12546 4009
12534 3952
12520 3903
12507 3864
12494 3837
12479 3816
12461 3804
12445 3803
12435 3815
12426 3837
12408 3869
12385 3917
12367 3977
12359 4044
12354 4118
12341 4198
12321 4288
12300 4387
12280 4500
12261 4620
12240 4749
12214 4886
12187 5032
12160 5178
12133 5326
12106 5478
12081 5639
12059 5804
12035 5971
12005 6145
11974 6330
11951 6520
11934 6710
11919 6900
11899 7098
11879 7302
11866 7506
11859 7699
11852 7885
11841 8067
11832 8245
11828 8412
11825 8569
11815 8717
11806 8857
11799 8985
11794 9099
11786 9197
11780 9279
11774 9349
11766 9407
11754 9455
11745 9487
11741 9503
11740 9504
11734 9498
11721 9482
11707 9453
11694 9409
11679 9351
11661 9282
11646 9204
11633 9123
11620 9031
11606 8922
11595 8798
11585 8668
11574 8535
11560 8396
11546 8249
11534 8096
11520 7934
11506 7767
11494 7601
11484 7440
11474 7274
11466 7099
11460 6926
11453 6765
11446 6612
11441 6460
11440 6306
11434 6153
11421 6002
11406 5859
11396 5730
11387 5612
11370 5492
11341 5371
11308 5259
11276 5159
11241 5064
11198 4967
11142 4871
11075 4780
11001 4697
10928 4618
10856 4544
10775 4480
10681 4423
10581 4366
10488 4311
10400 4265
10303 4227
10194 4191
10081 4153
9974 4118
9866 4090
9754 4073
9639 4064
9527 4056
9419 4044
9312 4028
9204 4016
9105 4012
9024 4018
8952 4027
8878 4038
8803 4047
8743 4057
8702 4073
8675 4098
8657 4125
8649 4154
8655 4185
8676 4219
8710 4257
8758 4300
8811 4351
8864 4402
8924 4450
8997 4495
9084 4550
9178 4612
9272 4679
9371 4746
9478 4814
9593 4879
9711 4945
9828 5014
9946 5092
10068 5168
10188 5239
10298 5307
10407 5384
10526 5466
10653 5553
10776 5642
10889 5727
10996 5802
11095 5874
11189 5949
11277 6021
11356 6083
11423 6135
11478 6183
11522 6227
11558 6264
11584 6294
11599 6317
11598 6335
11578 6341
11545 6342
11503 6342
11451 6341
11383 6331
11304 6307
11217 6276
11122 6247
11018 6220
10902 6189
10776 6153
10642 6114
10507 6074
10367 6033
10226 5994
10087 5952
9954 5908
9819 5866
9681 5827
9541 5786
9405 5746
9268 5708
9128 5671
8993 5634
8875 5598
8772 5565
8672 5541
8570 5520
8472 5493
8388 5460
8317 5432
8256 5414
8203 5398
8162 5376
8136 5352
8123 5329
8123 5304
8131 5276
8143 5252
8164 5228
8198 5201
8243 5167
8293 5129
8345 5092
8400 5056
8459 5016
8518 4966
8580 4909
8650 4852
8727 4801
8806 4749
8881 4687
8954 4617
9025 4546
9100 4474
9180 4400
9260 4326
9334 4254
9406 4181
9481 4106
9560 4029
9635 3952
9700 3875
9761 3799
9827 3719
9894 3639
9955 3565
10009 3499
10060 3433
10108 3366
10154 3301
10197 3238
10235 3174
10262 3111
10281 3053
10300 3003
10321 2960
10341 2923
10355 2887
10361 2856
10361 2834
10360 2823
10360 2812
10361 2804
10361 2804
10355 2816
10341 2837
10321 2870
10299 2913
10281 2962
10266 3012
10248 3075
10226 3152
10203 3243
10180 3333
10149 3422
10107 3519
10061 3634
10020 3760
9980 3889
9939 4020
9895 4157
9852 4304
9809 4458
9765 4619
9715 4784
9666 4953
9618 5126
9573 5304
9532 5486
9500 5672
9467 5862
9426 6054
9381 6237
9344 6407
9313 6569
9285 6732
9260 6898
9239 7061
9218 7207
9199 7337
9191 7453
9193 7557
9197 7646
9199 7719
9206 7773
9223 7810
9245 7829
9271 7834
9306 7823
9346 7801
9385 7761
9426 7707
9472 7639
9524 7567
9580 7490
9639 7407
9699 7317
9759 7222
9820 7116
9886 7001
9954 6882
10020 6765
10082 6648
10140 6531
10194 6415
10246 6303
10301 6194
10360 6090
10415 5987
10461 5889
10500 5799
10540 5723
10587 5651
10634 5583
10676 5524
10707 5481
10734 5451
10760 5429
10792 5417
10827 5416
10860 5423
10894 5443
10928 5477
10959 5522
10988 5572
11019 5630
11053 5699
11086 5777
11120 5858
11159 5944
11201 6040
11240 6144
11273 6248
11306 6350
11345 6454
11394 6566
11446 6681
11494 6789
11535 6888
11575 6982
11616 7074
11649 7162
11669 7244
11678 7321
11681 7386
11676 7441
11663 7485
11643 7522
11617 7550
11577 7570
11522 7576
11457 7574
11388 7569
11317 7565
11236 7557
11142 7547
11038 7530
10928 7506
10810 7476
10681 7446
10548 7415
10415 7385
10280 7350
10141 7317
10000 7283
9860 7250
9721 7217
9581 7185
9434 7148
9280 7105
9127 7066
8979 7038
8833 7014
8686 6987
8539 6954
8397 6920
8263 6891
8143 6868
8038 6844
7943 6820
7852 6800
7762 6785
7683 6768
7623 6747
7581 6727
7546 6709
7514 6686
7493 6655
7487 6621
7492 6592
7504 6562
7519 6527
7539 6488
7565 6448
7594 6406
7625 6362
7654 6315
7685 6261
7720 6201
7759 6135
7801 6072
7841 6010
7874 5946
7900 5875
7927 5801
7959 5725
7993 5648
8026 5572
8062 5500
8099 5427
8128 5351
8153 5275
8180 5204
8214 5134
8247 5064
8270 4994
8286 4930
8301 4872
8320 4819
8340 4770
8354 4727
8367 4689
8381 4654
8394 4623
8401 4599
8402 4583
8401 4573
8395 4570
8380 4572
8361 4582
8347 4599
8333 4628
8315 4665
8293 4709
8270 4765
8246 4832
8216 4902
8181 4973
8141 5055
8100 5151
8060 5256
8020 5365
7981 5484
7940 5611
7894 5744
7846 5881
7800 6024
7759 6168
7721 6311
7680 6454
7634 6605
7585 6760
7540 6915
7505 7067
7473 7211
7440 7346
7406 7473
7373 7594
7345 7706
7320 7803
7299 7885
7279 7957
7259 8017
7240 8064
7226 8097
7216 8122
7201 8140
