11879 2221
11842 2236
11797 2246
11748 2250
11696 2246
11635 2241
11567 2239
11498 2240
11426 2240
11344 2240
11255 2240
11161 2240
11062 2240
10959 2240
10856 2240
10754 2240
10646 2240
10529 2239
10411 2239
10301 2245
10197 2259
10093 2279
9992 2300
9898 2320
9811 2338
9729 2359
9659 2390
9601 2432
9551 2478
9510 2527
9483 2580
9466 2632
9455 2679
9447 2733
9449 2799
9458 2867
9476 2926
9503 2981
9543 3044
9597 3114
9659 3186
9725 3254
9792 3319
9860 3386
9936 3460
10021 3540
10111 3614
10202 3681
10293 3747
10380 3814
10468 3880
10555 3942
10641 4001
10718 4056
10788 4103
10846 4142
10894 4171
10932 4193
10962 4210
10979 4226
10984 4237
10972 4241
10944 4236
10904 4227
10856 4215
10796 4200
10728 4181
10657 4160
10581 4140
10495 4120
10400 4100
10307 4079
10220 4059
10132 4044
10041 4039
9952 4044
9866 4053
9783 4064
9706 4080
9642 4104
9587 4132
9536 4165
9487 4205
9442 4252
9405 4304
9382 4360
9371 4424
9369 4493
9373 4565
9384 4640
9399 4718
9416 4800
9440 4886
9476 4974
9520 5059
9564 5141
9611 5225
9666 5313
9734 5406
9808 5501
9890 5594
9974 5681
10058 5763
10140 5842
10230 5916
10328 5978
10431 6024
10530 6058
10626 6077
10716 6083
10800 6079
10881 6065
10962 6033
11042 5978
11116 5905
11175 5824
11223 5736
11273 5631
11324 5513
11366 5390
11396 5271
11427 5150
11462 5027
11495 4896
11515 4760
11527 4620
11541 4484
11560 4352
11574 4230
11581 4120
11587 4017
11593 3912
11600 3810
11607 3718
11614 3643
11615 3577
11613 3517
11610 3463
11606 3422
11595 3395
11580 3381
11567 3382
11555 3401
11539 3436
11514 3483
11493 3537
11480 3601
11467 3676
11447 3768
11422 3877
11399 3997
11374 4123
11351 4258
11331 4402
11312 4559
11283 4725
11246 4893
11208 5059
11174 5224
11139 5393
11100 5574
11059 5768
11025 5970
10998 6168
10972 6360
10950 6553
10939 6755
10938 6954
10940 7142
10940 7323
10935 7501
10932 7676
10928 7843
10923 8004
10920 8152
10930 8284
10948 8399
10967 8503
10977 8598
10979 8684
10975 8754
10978 8805
10988 8833
11000 8844
11002 8844
10995 8838
10986 8818
10981 8779
10979 8724
10975 8656
10966 8583
10955 8504
10945 8417
10935 8312
10926 8189
10916 8056
10905 7920
10889 7782
10871 7641
10856 7495
10844 7342
10830 7182
10812 7016
10788 6841
10765 6660
10747 6480
10733 6306
10714 6133
10692 5959
10675 5786
10665 5619
10654 5457
10635 5298
10612 5145
10594 5004
10579 4872
10561 4744
10540 4619
10520 4503
10501 4397
10481 4304
10454 4219
10422 4138
10388 4059
10349 3985
10302 3919
10248 3859
10190 3798
10128 3738
10056 3685
9975 3645
9890 3613
9802 3579
9702 3541
9593 3505
9483 3472
9379 3445
9273 3425
9161 3412
9051 3404
8947 3399
8849 3399
8753 3406
8664 3413
8583 3417
8511 3424
8448 3445
8396 3483
8362 3527
8344 3566
8336 3600
8332 3639
8335 3685
8351 3734
8382 3785
8425 3835
8477 3885
8532 3934
8590 3985
8659 4040
8738 4099
8818 4159
8899 4220
8985 4286
9079 4353
9179 4419
9280 4487
9380 4559
9480 4633
9580 4706
9680 4780
9781 4859
9880 4940
9974 5020
10067 5100
10162 5181
10256 5260
10336 5335
10403 5407
10463 5475
10522 5541
10571 5603
10609 5656
10632 5695
10648 5723
10653 5754
10649 5784
10627 5801
10588 5803
10538 5802
10484 5801
10422 5796
10345 5781
10254 5755
10157 5726
10061 5700
9957 5679
9840 5661
9715 5641
9593 5613
9474 5580
9352 5553
9227 5533
9107 5513
8988 5488
8864 5460
8735 5433
8612 5406
8498 5380
8387 5359
8271 5340
8159 5320
8057 5300
7968 5280
7886 5260
7813 5240
7752 5220
7706 5200
7671 5180
7649 5160
7637 5139
7636 5121
7643 5106
7663 5090
7697 5067
7742 5035
7792 5000
7850 4966
7919 4935
7992 4905
8065 4875
8139 4841
8220 4806
8305 4770
8389 4731
8467 4689
8542 4646
8614 4602
8681 4555
8742 4501
8800 4442
8854 4380
8907 4314
8961 4247
9014 4181
9062 4113
9106 4041
9148 3966
9191 3894
9236 3826
9284 3755
9329 3680
9371 3600
9416 3519
9465 3445
9508 3379
9547 3319
9587 3260
9630 3200
9666 3138
9690 3080
9712 3030
9736 2985
9760 2944
9775 2911
9782 2891
9787 2876
9789 2865
9786 2867
9778 2884
9767 2914
9749 2957
9722 3015
9693 3083
9664 3164
9631 3255
9591 3356
9551 3469
9509 3602
9466 3750
9421 3909
9374 4074
9326 4244
9276 4414
9226 4585
9174 4759
9120 4938
9066 5121
9019 5307
8973 5488
8930 5661
8888 5829
8855 5995
8827 6155
8803 6304
8785 6445
8779 6573
8778 6679
8778 6761
8779 6826
8790 6873
8813 6899
8842 6907
8873 6899
8911 6873
8959 6825
9012 6759
9061 6681
9111 6596
9162 6507
9217 6416
9275 6320
9332 6215
9388 6105
9446 5999
9501 5905
9552 5817
9603 5732
9659 5650
9710 5578
9753 5515
9788 5462
9825 5423
9867 5402
9913 5395
9954 5396
9991 5408
10030 5436
10076 5481
10123 5537
10166 5603
10207 5677
10247 5764
10284 5858
10327 5957
10379 6059
10433 6171
10481 6293
10526 6418
10574 6542
10625 6666
10676 6789
10728 6908
10771 7017
10802 7116
10818 7203
10828 7284
10831 7358
10825 7419
10805 7459
10766 7478
10709 7484
10639 7483
10563 7477
10477 7458
10376 7422
10264 7375
10147 7328
10025 7286
9899 7242
9764 7192
9624 7136
9482 7083
9350 7034
9222 6992
9091 6954
8956 6912
8823 6867
8693 6826
8570 6792
8453 6761
8344 6726
8239 6688
8137 6651
8037 6620
7949 6592
7877 6566
7816 6541
7763 6519
7717 6494
7687 6466
7672 6441
7668 6421
7673 6394
7683 6356
7698 6313
7724 6270
7758 6226
7798 6176
7840 6121
7885 6062
7929 6000
7971 5934
8010 5867
8051 5801
8091 5733
8130 5660
8164 5587
8198 5519
8230 5453
8258 5387
8282 5320
8308 5252
8334 5185
8354 5125
8368 5077
8381 5038
8395 5006
8401 4978
8401 4952
8396 4929
8392 4917
8383 4922
8371 4943
8358 4971
8345 5002
8323 5043
8294 5101
8267 5177
8242 5263
8212 5357
8175 5458
8135 5569
8097 5692
8057 5823
8018 5959
7976 6104
7932 6254
7887 6405
7846 6554
7807 6705
7771 6861
7735 7020
7704 7175
7673 7322
7644 7462
7620 7596
7604 7723
7588 7838
7571 7944
7555 8034
7544 8103
7533 8149
7524 8187
7519 8238
