15281 1598
15235 1586
15188 1591
15137 1593
15077 1587
15005 1581
14918 1579
14816 1575
14698 1566
14573 1555
14445 1544
14312 1533
14171 1525
14025 1524
13874 1528
13725 1537
13585 1547
13451 1557
13318 1573
13190 1598
13077 1626
12977 1652
12883 1680
12796 1712
12721 1744
12666 1780
12632 1825
12619 1873
12632 1919
12674 1965
12738 2018
12816 2079
12911 2146
13029 2213
13172 2279
13332 2347
13504 2419
13678 2493
13854 2567
14034 2642
14214 2716
14377 2777
14510 2823
14619 2857
14709 2883
14779 2901
14822 2911
14843 2914
14840 2911
14809 2900
14752 2881
14675 2861
14584 2846
14474 2833
14345 2818
14198 2805
14036 2803
13867 2810
13696 2828
13526 2858
13349 2902
13166 2951
12980 3009
12797 3078
12623 3161
12462 3251
12315 3350
12186 3462
12075 3585
11984 3716
11913 3855
11870 3997
11859 4134
11873 4271
11905 4415
11956 4566
12031 4709
12124 4843
12233 4970
12352 5091
12482 5199
12619 5287
12764 5354
12914 5399
13066 5420
13215 5426
13361 5419
13501 5394
13637 5346
13768 5273
13892 5179
14001 5070
14097 4952
14188 4822
14277 4677
14356 4522
14423 4362
14477 4200
14526 4034
14571 3866
14613 3699
14650 3536
14680 3378
14706 3235
14736 3105
14771 2981
14802 2864
14826 2763
14849 2675
14873 2596
14893 2528
14907 2476
14927 2440
14953 2415
14974 2407
14986 2421
15001 2455
15025 2501
15049 2557
15066 2628
15076 2715
15086 2816
15095 2929
15100 3056
15102 3196
15106 3344
15108 3502
15106 3670
15101 3849
15099 4044
15099 4251
15100 4458
15106 4665
15114 4879
15119 5104
15121 5334
15126 5566
15134 5796
15140 6021
15141 6240
15140 6455
15140 6674
15141 6897
15139 7111
15134 7304
15131 7479
15133 7643
15139 7798
15147 7940
15154 8064
15159 8167
15161 8256
15167 8334
15173 8398
15175 8439
15172 8459
15168 8464
15166 8463
15168 8453
15169 8428
15160 8386
15142 8334
15126 8276
15113 8216
15100 8147
15083 8070
15065 7987
15043 7901
15019 7815
14995 7726
14968 7629
14934 7531
14895 7435
14856 7344
14814 7255
14764 7165
14702 7075
14630 6986
14552 6895
14464 6799
14359 6701
14234 6605
14091 6513
13932 6426
13758 6340
13570 6253
13372 6165
13161 6079
12938 5999
12708 5925
12475 5853
12236 5784
11989 5719
11734 5662
11473 5618
11211 5585
10958 5559
10717 5534
10483 5505
10252 5472
10027 5445
9815 5432
9625 5426
9460 5413
9318 5398
9196 5393
9102 5402
9047 5413
9035 5426
9059 5443
9119 5465
9215 5496
9341 5540
9486 5591
9648 5638
9826 5688
10014 5750
10207 5817
10404 5884
10608 5965
10815 6060
11010 6155
11191 6242
11361 6337
11517 6448
11648 6559
11759 6657
11855 6748
11929 6840
11974 6929
11987 7015
11974 7097
11932 7170
11857 7230
11748 7277
11610 7315
11447 7348
11260 7380
11052 7408
10830 7433
10598 7455
10356 7479
10102 7501
9841 7525
9580 7549
9322 7578
9065 7603
8800 7625
8535 7643
8283 7659
8053 7674
7841 7688
7647 7701
7473 7709
7319 7707
7186 7699
7080 7688
7000 7665
6934 7627
6881 7579
6846 7528
6834 7471
6842 7397
6869 7308
6905 7212
6942 7114
6986 7005
7044 6882
7112 6750
7180 6615
7246 6475
7313 6328
7385 6177
7460 6021
7539 5856
7621 5680
7700 5501
7773 5327
7847 5153
7927 4973
8007 4793
8080 4620
8148 4452
8219 4280
8293 4105
8367 3933
8442 3770
8515 3612
8580 3458
8634 3310
8692 3171
8760 3042
8833 2924
8902 2816
8961 2717
9015 2630
9067 2552
9119 2481
9170 2417
9219 2367
9263 2336
9301 2321
9333 2315
9364 2323
9397 2348
9426 2390
9447 2441
9458 2503
9460 2580
9455 2674
9452 2787
9455 2922
9459 3074
9456 3236
9446 3413
9434 3610
9427 3826
9421 4052
9408 4287
9386 4535
9365 4801
9357 5089
9359 5397
9366 5708
9369 6013
9367 6312
9360 6607
9354 6892
9351 7165
9353 7422
9359 7656
9366 7856
9374 8024
9380 8165
9386 8278
9394 8353
9404 8385
9413 8377
9424 8336
9445 8273
9478 8189
9512 8084
9545 7958
9585 7817
9637 7669
9698 7515
9766 7353
9839 7186
9913 7024
9985 6872
10060 6728
10144 6592
10233 6468
10326 6357
10418 6260
10513 6176
10612 6112
10719 6069
10826 6047
10931 6041
11040 6048
11158 6071
11279 6120
11399 6200
11524 6301
11661 6411
11806 6528
11946 6654
12075 6799
12207 6976
12350 7178
12487 7378
12604 7563
12710 7750
12815 7948
12917 8151
13006 8350
13074 8543
13120 8727
13142 8904
13141 9077
13115 9243
13066 9395
12996 9527
12907 9631
12791 9706
12645 9749
12469 9770
12277 9779
12072 9782
11856 9771
11624 9749
11382 9719
11135 9682
10885 9625
10633 9555
10391 9477
10160 9399
9932 9316
9697 9227
9464 9134
9248 9040
9056 8948
8876 8856
8703 8754
8536 8637
8386 8514
8257 8394
8147 8274
8045 8151
7949 8029
7859 7911
7781 7795
7712 7679
7656 7560
7608 7444
7563 7332
7515 7230
7472 7137
7432 7049
7393 6969
7353 6909
7318 6869
7286 6836
7257 6810
7235 6797
7217 6800
7198 6811
7181 6838
7171 6885
7167 6952
7160 7031
7152 7121
7147 7222
7149 7342
7155 7477
7164 7623
7174 7774
7188 7930
7202 8088
7208 8250
7202 8414
7193 8582
7189 8752
7187 8912
7178 9042
