18139 4699
18104 4684
18074 4674
18041 4660
17998 4641
17943 4621
17876 4600
17802 4575
17722 4546
17641 4515
17556 4486
17467 4459
17371 4429
17267 4398
17156 4363
17042 4329
16922 4296
16796 4271
16660 4248
16520 4219
16386 4186
16259 4160
16133 4143
16005 4128
15880 4112
15764 4094
15651 4077
15544 4066
15445 4065
15357 4066
15270 4067
15189 4065
15123 4066
15076 4071
15037 4086
15003 4107
14977 4125
14963 4140
14963 4159
14971 4189
14987 4228
15012 4270
15053 4309
15112 4350
15183 4393
15258 4443
15338 4500
15423 4565
15518 4633
15623 4699
15739 4766
15859 4838
15980 4914
16101 4992
16222 5069
16336 5141
16437 5208
16524 5270
16603 5327
16675 5376
16737 5417
16790 5453
16837 5479
16871 5499
16889 5511
16897 5519
16901 5522
16902 5528
16898 5530
16883 5520
16852 5496
16804 5472
16743 5454
16674 5439
16601 5421
16528 5399
16455 5379
16374 5365
16282 5358
16186 5354
16094 5351
16005 5348
15915 5349
15824 5355
15733 5370
15650 5387
15578 5404
15512 5426
15450 5457
15393 5493
15343 5532
15298 5573
15263 5618
15239 5666
15224 5718
15212 5773
15203 5831
15203 5894
15217 5963
15242 6034
15278 6111
15323 6193
15378 6278
15439 6367
15505 6460
15573 6554
15644 6642
15720 6721
15805 6796
15895 6869
15981 6938
16055 6993
16122 7024
16186 7034
16253 7035
16321 7028
16388 7008
16448 6967
16500 6909
16553 6844
16614 6776
16679 6696
16738 6603
16787 6502
16824 6396
16856 6286
16890 6170
16936 6051
16982 5929
17026 5810
17069 5694
17115 5584
17154 5474
17182 5370
17206 5268
17234 5170
17265 5073
17295 4983
17327 4899
17355 4824
17374 4752
17387 4683
17400 4624
17419 4578
17441 4543
17460 4512
17474 4484
17487 4464
17501 4457
17514 4457
17521 4465
17521 4483
17520 4510
17520 4544
17520 4589
17520 4646
17521 4714
17520 4787
17514 4868
17506 4957
17500 5056
17499 5169
17500 5299
17501 5437
17500 5574
17495 5712
17486 5854
17474 5998
17466 6142
17461 6286
17455 6430
17440 6568
17419 6696
17400 6816
17390 6932
17388 7045
17386 7158
17375 7265
17360 7362
17346 7449
17339 7530
17334 7607
17328 7679
17315 7743
17293 7791
17267 7823
17245 7842
17232 7861
17224 7881
17220 7896
17219 7902
17220 7901
17220 7895
17220 7887
17221 7876
17220 7860
17215 7837
17206 7813
17195 7784
17184 7751
17175 7710
17172 7672
17168 7635
17160 7594
17147 7546
17133 7497
17125 7450
17121 7403
17120 7353
17114 7301
17101 7248
17087 7192
17074 7135
17060 7079
17040 7022
17021 6961
17006 6895
16989 6827
16967 6755
16941 6680
16913 6600
16885 6521
16860 6445
16840 6368
16820 6292
16795 6215
16767 6138
16739 6060
16713 5985
16691 5913
16674 5845
16659 5779
16640 5713
16620 5650
16605 5594
16594 5543
16585 5493
16574 5445
16566 5405
16560 5372
16554 5340
16547 5306
16536 5273
16521 5245
16502 5221
16477 5200
16442 5174
16398 5142
16342 5108
16277 5073
16204 5034
16119 4994
16018 4955
15897 4912
15763 4862
15623 4813
15482 4767
15330 4719
15161 4668
14981 4619
14807 4571
14640 4524
14472 4485
14295 4463
14118 4447
13946 4430
13781 4414
13623 4408
13482 4413
13360 4425
13255 4439
13162 4454
13087 4471
13028 4493
12987 4518
12964 4546
12955 4579
12954 4614
12964 4650
12994 4687
13043 4730
13101 4781
13169 4838
13256 4894
13361 4947
13476 4999
13603 5052
13743 5111
13898 5180
14060 5252
14220 5319
14374 5386
14527 5460
14681 5538
14834 5615
14981 5692
15122 5769
15262 5845
15398 5917
15523 5986
15632 6050
15724 6112
15805 6171
15875 6226
15932 6270
15981 6307
16021 6342
16047 6376
16053 6401
16048 6416
16038 6427
16023 6437
15992 6441
15944 6430
15879 6408
15804 6383
15719 6360
15618 6329
15497 6287
15362 6241
15227 6199
15095 6159
14960 6120
14816 6086
14667 6053
14514 6020
14360 5986
14205 5953
14054 5920
13906 5892
13760 5867
13612 5843
13466 5820
13325 5805
13191 5798
13063 5794
12944 5791
12836 5788
12741 5790
12656 5795
12587 5804
12536 5810
12501 5813
12476 5809
12463 5799
12462 5787
12476 5780
12502 5780
12543 5775
12598 5760
12659 5741
12719 5726
12779 5714
12845 5696
12919 5673
12998 5644
13080 5613
13167 5576
13253 5534
13334 5487
13413 5442
13495 5395
13580 5340
13662 5277
13735 5213
13800 5149
13861 5080
13926 5002
13995 4921
14061 4840
14116 4755
14160 4667
14201 4574
14247 4479
14294 4386
14334 4299
14368 4214
14401 4131
14433 4048
14462 3970
14487 3894
14510 3822
14527 3753
14535 3695
14540 3647
14547 3608
14554 3572
14560 3543
14562 3524
14560 3517
14554 3518
14547 3525
14541 3538
14534 3556
14521 3582
14501 3624
14480 3683
14460 3751
14441 3818
14419 3889
14394 3977
14373 4082
14354 4197
14333 4319
14307 4449
14280 4586
14259 4729
14239 4879
14219 5037
14205 5199
14200 5365
14198 5534
14194 5706
14193 5874
14195 6041
14194 6208
14181 6375
14160 6532
14144 6676
14139 6805
14140 6922
14141 7030
14133 7132
14120 7222
14111 7295
14112 7355
14119 7401
14127 7435
14134 7452
14139 7456
14141 7450
14145 7437
14154 7416
14165 7383
14174 7342
14186 7296
14199 7246
14213 7190
14231 7133
14254 7076
14279 7013
14301 6942
14321 6873
14340 6808
14359 6739
14380 6662
14406 6587
14433 6518
14460 6448
14486 6378
14513 6310
14546 6243
14581 6170
14614 6098
14640 6028
14660 5958
14686 5886
14720 5820
14753 5758
14781 5699
14807 5641
14834 5584
14860 5528
14881 5472
14900 5419
14920 5367
14940 5317
14959 5269
14980 5224
15007 5180
15034 5139
15054 5099
15067 5065
15080 5033
15099 5005
15120 4980
15141 4958
15160 4939
15174 4925
15187 4918
15200 4919
15213 4925
15225 4933
15240 4943
15260 4959
15280 4989
15294 5031
15306 5079
15320 5131
15339 5187
15360 5243
15380 5304
15400 5378
15419 5464
15441 5553
15466 5639
15488 5725
15506 5818
15521 5920
15539 6026
15560 6130
15581 6226
15601 6315
15615 6406
15621 6502
15622 6595
15621 6676
15615 6748
15602 6817
15583 6881
15561 6937
15530 6984
15488 7022
15437 7050
15382 7068
15317 7082
15243 7091
15156 7093
15062 7085
14962 7072
14855 7056
14741 7040
14622 7021
14501 6995
14375 6966
14241 6935
14101 6905
13961 6876
13822 6845
13680 6809
13529 6771
13371 6735
13214 6704
13068 6674
12932 6644
12804 6614
12684 6591
12571 6574
12464 6559
12365 6540
12272 6521
12182 6505
12098 6489
12028 6472
11975 6454
11936 6433
11910 6413
11898 6395
11891 6379
11884 6357
11881 6331
11889 6299
11902 6265
11912 6224
11919 6179
11926 6129
11942 6081
11969 6032
12003 5976
12030 5919
12052 5862
12074 5805
12100 5743
12127 5680
12154 5615
12174 5546
12192 5474
12213 5405
12239 5341
12267 5278
12294 5213
12320 5152
12342 5098
12360 5048
12373 4997
12387 4947
12407 4899
12428 4857
12440 4817
12442 4780
12446 4744
12453 4716
12460 4693
12467 4673
12475 4651
12480 4633
12475 4622
12466 4620
12460 4625
12459 4632
12460 4639
12461 4651
12456 4672
12447 4698
12430 4730
12405 4768
12376 4814
12352 4862
12328 4914
12299 4974
12268 5044
12241 5118
12214 5193
12179 5271
12140 5358
12112 5451
12094 5551
12072 5659
12037 5777
12003 5895
11976 6016
11954 6137
11930 6261
11910 6385
11895 6511
11880 6629
11859 6740
11833 6848
11812 6961
11801 7069
11792 7167
11775 7258
11753 7348
11733 7430
11718 7498
11706 7555
11699 7605
11693 7648
11687 7682
11683 7707
11678 7729
11661 7758
