20141 4440
20116 4440
20066 4440
20003 4441
19935 4437
19862 4427
19784 4404
19697 4375
19597 4341
19479 4303
19348 4259
19209 4211
19066 4158
18922 4100
18780 4047
18634 3999
18480 3951
18324 3901
18179 3857
18045 3820
17916 3788
17785 3761
17662 3744
17558 3732
17469 3719
17383 3710
17303 3713
17241 3728
17201 3748
17177 3775
17164 3807
17157 3848
17156 3896
17163 3950
17187 4001
17229 4051
17287 4106
17358 4173
17443 4244
17537 4314
17638 4386
17745 4464
17859 4547
17978 4631
18100 4719
18225 4812
18355 4913
18488 5015
18616 5113
18730 5202
18830 5292
18925 5385
19012 5474
19080 5548
19121 5603
19138 5639
19138 5664
19130 5681
19113 5691
19082 5693
19032 5691
18969 5686
18903 5675
18836 5661
18756 5646
18662 5629
18561 5610
18460 5593
18361 5583
18259 5584
18152 5597
18051 5617
17964 5643
17891 5681
17818 5737
17744 5809
17678 5890
17628 5977
17589 6075
17560 6187
17546 6308
17559 6429
17601 6551
17662 6677
17732 6806
17804 6926
17880 7032
17966 7120
18055 7189
18136 7232
18202 7250
18261 7245
18319 7220
18379 7177
18445 7118
18519 7049
18600 6972
18682 6883
18754 6777
18815 6657
18874 6529
18935 6396
18994 6255
19042 6102
19081 5946
19119 5792
19159 5644
19207 5504
19259 5372
19308 5249
19354 5133
19397 5023
19434 4919
19461 4825
19481 4737
19505 4652
19534 4571
19566 4498
19596 4431
19619 4369
19635 4314
19652 4268
19675 4226
19700 4191
19716 4164
19721 4146
19720 4130
19720 4118
19726 4117
19734 4129
19741 4152
19741 4182
19734 4217
19726 4263
19720 4323
19719 4396
19719 4476
19721 4564
19726 4667
19727 4785
19726 4914
19727 5052
19732 5203
19740 5364
19748 5531
19754 5702
19754 5886
19747 6083
19741 6286
19739 6488
19734 6688
19727 6884
19721 7067
19714 7238
19701 7408
19681 7576
19660 7736
19641 7884
19620 8023
19594 8151
19566 8269
19540 8378
19518 8477
19500 8563
19486 8638
19473 8703
19460 8758
19447 8802
19434 8831
19420 8854
19406 8871
19393 8881
19384 8878
19380 8868
19380 8851
19380 8826
19375 8791
19366 8753
19354 8715
19345 8675
19340 8627
19339 8575
19340 8521
19340 8467
19340 8409
19340 8346
19340 8276
19340 8205
19340 8135
19340 8066
19341 7996
19340 7920
19335 7835
19327 7746
19315 7662
19299 7580
19281 7490
19267 7389
19254 7281
19234 7169
19207 7057
19181 6944
19160 6835
19135 6725
19100 6616
19061 6502
19026 6390
18994 6282
18960 6184
18921 6081
18881 5971
18841 5866
18800 5778
18755 5698
18707 5613
18656 5525
18601 5445
18541 5377
18476 5313
18407 5252
18331 5194
18247 5138
18157 5081
18062 5026
17957 4974
17843 4919
17716 4861
17581 4806
17441 4754
17300 4698
17161 4641
17021 4591
16874 4547
16721 4505
16566 4460
16414 4418
16264 4384
16113 4359
15964 4339
15824 4319
15697 4300
15578 4284
15465 4274
15358 4270
15256 4268
15162 4270
15082 4274
15021 4282
14976 4294
14942 4317
14917 4346
14907 4374
14910 4403
14926 4436
14957 4475
15007 4514
15071 4558
15142 4605
15222 4659
15315 4714
15427 4771
15558 4828
15703 4890
15853 4954
16000 5024
16146 5099
16293 5178
16445 5258
16600 5344
16759 5439
16921 5545
17081 5654
17234 5760
17383 5861
17529 5961
17670 6062
17798 6162
17910 6250
18011 6327
18102 6398
18183 6467
18258 6530
18324 6583
18372 6623
18398 6655
18409 6682
18416 6708
18422 6730
18423 6742
18412 6743
18384 6736
18339 6722
18278 6702
18203 6676
18117 6647
18023 6609
17921 6566
17812 6522
17700 6485
17580 6443
17446 6397
17297 6351
17147 6308
17003 6263
16855 6222
16690 6184
16508 6149
16326 6109
16152 6070
15984 6034
15818 6009
15658 5988
15509 5971
15371 5955
15244 5938
15124 5921
15007 5906
14893 5893
14781 5880
14665 5867
14542 5853
14429 5839
14346 5827
14288 5820
14241 5813
14204 5801
14181 5787
14175 5770
14183 5751
14209 5725
14247 5697
14288 5664
14327 5631
14375 5596
14439 5561
14517 5519
14594 5471
14666 5423
14739 5377
14818 5330
14905 5278
14999 5226
15094 5169
15187 5107
15275 5041
15360 4974
15441 4907
15520 4840
15600 4769
15680 4693
15761 4615
15841 4534
15916 4452
15982 4369
16037 4290
16081 4209
16121 4131
16161 4054
16200 3979
16235 3905
16267 3833
16296 3764
16320 3704
16335 3653
16347 3609
16361 3566
16374 3530
16381 3504
16381 3490
16381 3484
16381 3484
16374 3490
16360 3507
16347 3538
16340 3587
16333 3646
16321 3708
16307 3778
16294 3862
16279 3961
16261 4071
16245 4193
16234 4326
16226 4472
16215 4628
16201 4794
16182 4965
16159 5143
16134 5332
16112 5533
16094 5734
16078 5928
16061 6116
16046 6301
16033 6482
16020 6656
16006 6822
15994 6983
15984 7137
15974 7278
15966 7405
15961 7517
15953 7617
15940 7705
15925 7784
15918 7847
15925 7889
15940 7913
15953 7929
15960 7937
15966 7932
15979 7910
15998 7872
16019 7822
16040 7763
16065 7697
16092 7621
16119 7536
16151 7448
16189 7356
16230 7260
16268 7157
16304 7051
16345 6942
16398 6833
16460 6727
16521 6621
16574 6511
16620 6401
16666 6298
16720 6199
16780 6101
16834 6004
16880 5908
16926 5815
16980 5728
17039 5649
17094 5572
17146 5503
17201 5444
17259 5397
17314 5357
17367 5325
17420 5303
17473 5291
17526 5283
17580 5283
17639 5296
17699 5322
17760 5363
17827 5417
17894 5476
17954 5544
18006 5623
18060 5716
18124 5817
18194 5930
18266 6052
18336 6183
18402 6315
18461 6450
18511 6584
18554 6718
18593 6845
18622 6968
18633 7084
18630 7189
18617 7282
18596 7370
18565 7457
18523 7535
18465 7594
18391 7641
18306 7680
18205 7707
18084 7718
17945 7722
17798 7721
17642 7716
17470 7703
17285 7683
17096 7650
16898 7606
16680 7555
16448 7511
16222 7474
16014 7438
15829 7395
15661 7356
15498 7321
15321 7295
15134 7274
14962 7260
14824 7246
14713 7229
14621 7207
14543 7186
14481 7163
14430 7138
14393 7105
14371 7070
14366 7032
14372 6992
14389 6943
14418 6888
14452 6828
14490 6768
14534 6701
14583 6628
14634 6554
14692 6481
14753 6407
14813 6329
14873 6246
14934 6156
14998 6065
15062 5974
15126 5886
15188 5799
15247 5714
15301 5631
15355 5548
15406 5465
15456 5386
15501 5312
15541 5243
15576 5180
15608 5124
15635 5072
15654 5024
15668 4980
15681 4944
15694 4912
15701 4885
15701 4864
15700 4852
15701 4844
15701 4839
15695 4838
15682 4844
15663 4858
15640 4877
15611 4904
15574 4939
15531 4983
15480 5032
15422 5084
15361 5145
15300 5218
15240 5298
15180 5379
15123 5462
15062 5557
14989 5670
14901 5797
14813 5926
14732 6057
14658 6193
14585 6337
14518 6485
14459 6639
14406 6800
14353 6961
14299 7115
14246 7258
14200 7393
14158 7520
14113 7639
14072 7747
14041 7846
14013 7933
13973 8014
13926 8086
13886 8147
13863 8193
13842 8235
13817 8268
13788 8288
13763 8278
